{"mesh":{"vertices":[{"position":{"x":-1.0,"y":1.0,"z":1.0},"color":{"r":1.0,"g":0.0,"b":0.0,"a":1.0},"normal":{"x":0.0,"y":0.0,"z":1.0},"influence":{"data":[{"boneId":"Armature_Bone","weight":0.511041},{"boneId":"Armature_Bone_001","weight":0.488959}]}},{"position":{"x":1.0,"y":-1.0,"z":1.0},"color":{"r":1.0,"g":0.0,"b":0.0,"a":1.0},"normal":{"x":0.0,"y":0.0,"z":1.0},"influence":{"data":[{"boneId":"Armature_Bone","weight":0.9212653},{"boneId":"Armature_Bone_001","weight":0.07873475}]}},{"position":{"x":1.0,"y":1.0,"z":1.0},"color":{"r":1.0,"g":0.0,"b":0.0,"a":1.0},"normal":{"x":0.0,"y":0.0,"z":1.0},"influence":{"data":[{"boneId":"Armature_Bone","weight":0.511355},{"boneId":"Armature_Bone_001","weight":0.4886451}]}},{"position":{"x":1.0,"y":-1.0,"z":1.0},"color":{"r":1.0,"g":0.0,"b":0.0,"a":1.0},"normal":{"x":0.0,"y":-1.0,"z":0.0},"influence":{"data":[{"boneId":"Armature_Bone","weight":0.9212653},{"boneId":"Armature_Bone_001","weight":0.07873475}]}},{"position":{"x":-1.0,"y":-1.0,"z":-1.0},"color":{"r":1.0,"g":0.0,"b":0.0,"a":1.0},"normal":{"x":0.0,"y":-1.0,"z":0.0},"influence":{"data":[{"boneId":"Armature_Bone","weight":0.9213539},{"boneId":"Armature_Bone_001","weight":0.07864612}]}},{"position":{"x":1.0,"y":-1.0,"z":-1.0},"color":{"r":1.0,"g":0.0,"b":0.0,"a":1.0},"normal":{"x":0.0,"y":-1.0,"z":0.0},"influence":{"data":[{"boneId":"Armature_Bone","weight":0.9143164},{"boneId":"Armature_Bone_001","weight":0.08568358}]}},{"position":{"x":-1.0,"y":-1.0,"z":1.0},"color":{"r":1.0,"g":0.0,"b":0.0,"a":1.0},"normal":{"x":-1.0,"y":0.0,"z":0.0},"influence":{"data":[{"boneId":"Armature_Bone","weight":0.9142199},{"boneId":"Armature_Bone_001","weight":0.08578014}]}},{"position":{"x":-1.0,"y":1.0,"z":-1.0},"color":{"r":1.0,"g":0.0,"b":0.0,"a":1.0},"normal":{"x":-1.0,"y":0.0,"z":0.0},"influence":{"data":[{"boneId":"Armature_Bone","weight":0.511773},{"boneId":"Armature_Bone_001","weight":0.4882271}]}},{"position":{"x":-1.0,"y":-1.0,"z":-1.0},"color":{"r":1.0,"g":0.0,"b":0.0,"a":1.0},"normal":{"x":-1.0,"y":0.0,"z":0.0},"influence":{"data":[{"boneId":"Armature_Bone","weight":0.9213539},{"boneId":"Armature_Bone_001","weight":0.07864612}]}},{"position":{"x":1.0,"y":1.0,"z":-1.0},"color":{"r":1.0,"g":0.0,"b":0.0,"a":1.0},"normal":{"x":0.0,"y":0.0,"z":-1.0},"influence":{"data":[{"boneId":"Armature_Bone","weight":0.5114482},{"boneId":"Armature_Bone_001","weight":0.4885518}]}},{"position":{"x":-1.0,"y":-1.0,"z":-1.0},"color":{"r":1.0,"g":0.0,"b":0.0,"a":1.0},"normal":{"x":0.0,"y":0.0,"z":-1.0},"influence":{"data":[{"boneId":"Armature_Bone","weight":0.9213539},{"boneId":"Armature_Bone_001","weight":0.07864612}]}},{"position":{"x":-1.0,"y":1.0,"z":-1.0},"color":{"r":1.0,"g":0.0,"b":0.0,"a":1.0},"normal":{"x":0.0,"y":0.0,"z":-1.0},"influence":{"data":[{"boneId":"Armature_Bone","weight":0.511773},{"boneId":"Armature_Bone_001","weight":0.4882271}]}},{"position":{"x":1.0,"y":1.0,"z":1.0},"color":{"r":1.0,"g":0.0,"b":0.0,"a":1.0},"normal":{"x":1.0,"y":0.0,"z":0.0},"influence":{"data":[{"boneId":"Armature_Bone","weight":0.511355},{"boneId":"Armature_Bone_001","weight":0.4886451}]}},{"position":{"x":1.0,"y":-1.0,"z":-1.0},"color":{"r":1.0,"g":0.0,"b":0.0,"a":1.0},"normal":{"x":1.0,"y":0.0,"z":0.0},"influence":{"data":[{"boneId":"Armature_Bone","weight":0.9143164},{"boneId":"Armature_Bone_001","weight":0.08568358}]}},{"position":{"x":1.0,"y":1.0,"z":-1.0},"color":{"r":1.0,"g":0.0,"b":0.0,"a":1.0},"normal":{"x":1.0,"y":0.0,"z":0.0},"influence":{"data":[{"boneId":"Armature_Bone","weight":0.5114482},{"boneId":"Armature_Bone_001","weight":0.4885518}]}},{"position":{"x":1.0,"y":3.216383,"z":1.0},"color":{"r":1.0,"g":0.0,"b":0.0,"a":1.0},"normal":{"x":1.0,"y":0.0,"z":0.0},"influence":{"data":[{"boneId":"Armature_Bone_001","weight":0.4989481},{"boneId":"Armature_Bone_002","weight":0.4785478},{"boneId":"Armature_Bone_003","weight":0.02250403}]}},{"position":{"x":1.0,"y":3.216383,"z":1.0},"color":{"r":1.0,"g":0.0,"b":0.0,"a":1.0},"normal":{"x":0.0,"y":0.0,"z":1.0},"influence":{"data":[{"boneId":"Armature_Bone_001","weight":0.4989481},{"boneId":"Armature_Bone_002","weight":0.4785478},{"boneId":"Armature_Bone_003","weight":0.02250403}]}},{"position":{"x":-1.0,"y":5.715269,"z":1.0},"color":{"r":1.0,"g":0.0,"b":0.0,"a":1.0},"normal":{"x":0.0,"y":0.0,"z":1.0},"influence":{"data":[{"boneId":"Armature_Bone_001","weight":0.01475399},{"boneId":"Armature_Bone_002","weight":0.01201516},{"boneId":"Armature_Bone_003","weight":0.9732308}]}},{"position":{"x":-1.0,"y":3.216383,"z":1.0},"color":{"r":1.0,"g":0.0,"b":0.0,"a":1.0},"normal":{"x":0.0,"y":0.0,"z":1.0},"influence":{"data":[{"boneId":"Armature_Bone_001","weight":0.4989464},{"boneId":"Armature_Bone_002","weight":0.4785361},{"boneId":"Armature_Bone_003","weight":0.02251744}]}},{"position":{"x":-1.0,"y":1.0,"z":1.0},"color":{"r":1.0,"g":0.0,"b":0.0,"a":1.0},"normal":{"x":-1.0,"y":0.0,"z":0.0},"influence":{"data":[{"boneId":"Armature_Bone","weight":0.511041},{"boneId":"Armature_Bone_001","weight":0.488959}]}},{"position":{"x":-1.0,"y":3.216383,"z":-1.0},"color":{"r":1.0,"g":0.0,"b":0.0,"a":1.0},"normal":{"x":-1.0,"y":0.0,"z":0.0},"influence":{"data":[{"boneId":"Armature_Bone_001","weight":0.498072},{"boneId":"Armature_Bone_002","weight":0.477051},{"boneId":"Armature_Bone_003","weight":0.02487695}]}},{"position":{"x":1.0,"y":3.216383,"z":-1.0},"color":{"r":1.0,"g":0.0,"b":0.0,"a":1.0},"normal":{"x":0.0,"y":0.0,"z":-1.0},"influence":{"data":[{"boneId":"Armature_Bone_001","weight":0.4981015},{"boneId":"Armature_Bone_002","weight":0.4770687},{"boneId":"Armature_Bone_003","weight":0.02482986}]}},{"position":{"x":-1.0,"y":5.715269,"z":1.0},"color":{"r":1.0,"g":0.0,"b":0.0,"a":1.0},"normal":{"x":-1.0,"y":0.0,"z":0.0},"influence":{"data":[{"boneId":"Armature_Bone_001","weight":0.01475399},{"boneId":"Armature_Bone_002","weight":0.01201516},{"boneId":"Armature_Bone_003","weight":0.9732308}]}},{"position":{"x":-1.0,"y":8.398695,"z":-1.0},"color":{"r":1.0,"g":0.0,"b":0.0,"a":1.0},"normal":{"x":-1.0,"y":0.0,"z":0.0},"influence":{"data":[{"boneId":"Armature_Bone_003","weight":1.0}]}},{"position":{"x":-1.0,"y":5.715269,"z":-1.0},"color":{"r":1.0,"g":0.0,"b":0.0,"a":1.0},"normal":{"x":-1.0,"y":0.0,"z":0.0},"influence":{"data":[{"boneId":"Armature_Bone_001","weight":0.01676154},{"boneId":"Armature_Bone_002","weight":0.01387119},{"boneId":"Armature_Bone_003","weight":0.9693672}]}},{"position":{"x":1.0,"y":3.216383,"z":-1.0},"color":{"r":1.0,"g":0.0,"b":0.0,"a":1.0},"normal":{"x":1.0,"y":0.0,"z":0.0},"influence":{"data":[{"boneId":"Armature_Bone_001","weight":0.4981015},{"boneId":"Armature_Bone_002","weight":0.4770687},{"boneId":"Armature_Bone_003","weight":0.02482986}]}},{"position":{"x":1.0,"y":5.715269,"z":1.0},"color":{"r":1.0,"g":0.0,"b":0.0,"a":1.0},"normal":{"x":1.0,"y":0.0,"z":0.0},"influence":{"data":[{"boneId":"Armature_Bone_001","weight":0.01492607},{"boneId":"Armature_Bone_002","weight":0.01218128},{"boneId":"Armature_Bone_003","weight":0.9728927}]}},{"position":{"x":-1.0,"y":3.216383,"z":1.0},"color":{"r":1.0,"g":0.0,"b":0.0,"a":1.0},"normal":{"x":-1.0,"y":0.0,"z":0.0},"influence":{"data":[{"boneId":"Armature_Bone_001","weight":0.4989464},{"boneId":"Armature_Bone_002","weight":0.4785361},{"boneId":"Armature_Bone_003","weight":0.02251744}]}},{"position":{"x":-1.0,"y":3.216383,"z":-1.0},"color":{"r":1.0,"g":0.0,"b":0.0,"a":1.0},"normal":{"x":0.0,"y":0.0,"z":-1.0},"influence":{"data":[{"boneId":"Armature_Bone_001","weight":0.498072},{"boneId":"Armature_Bone_002","weight":0.477051},{"boneId":"Armature_Bone_003","weight":0.02487695}]}},{"position":{"x":1.0,"y":5.715269,"z":-1.0},"color":{"r":1.0,"g":0.0,"b":0.0,"a":1.0},"normal":{"x":0.0,"y":0.0,"z":-1.0},"influence":{"data":[{"boneId":"Armature_Bone_001","weight":0.01744347},{"boneId":"Armature_Bone_002","weight":0.01452499},{"boneId":"Armature_Bone_003","weight":0.9680315}]}},{"position":{"x":-1.0,"y":8.398695,"z":1.0},"color":{"r":1.0,"g":0.0,"b":0.0,"a":1.0},"normal":{"x":0.0,"y":1.0,"z":0.0},"influence":{"data":[{"boneId":"Armature_Bone_003","weight":1.0}]}},{"position":{"x":1.0,"y":8.398695,"z":-1.0},"color":{"r":1.0,"g":0.0,"b":0.0,"a":1.0},"normal":{"x":0.0,"y":1.0,"z":0.0},"influence":{"data":[{"boneId":"Armature_Bone_003","weight":1.0}]}},{"position":{"x":-1.0,"y":8.398695,"z":-1.0},"color":{"r":1.0,"g":0.0,"b":0.0,"a":1.0},"normal":{"x":0.0,"y":1.0,"z":0.0},"influence":{"data":[{"boneId":"Armature_Bone_003","weight":1.0}]}},{"position":{"x":-1.0,"y":5.715269,"z":-1.0},"color":{"r":1.0,"g":0.0,"b":0.0,"a":1.0},"normal":{"x":0.0,"y":0.0,"z":-1.0},"influence":{"data":[{"boneId":"Armature_Bone_001","weight":0.01676154},{"boneId":"Armature_Bone_002","weight":0.01387119},{"boneId":"Armature_Bone_003","weight":0.9693672}]}},{"position":{"x":1.0,"y":8.398695,"z":-1.0},"color":{"r":1.0,"g":0.0,"b":0.0,"a":1.0},"normal":{"x":0.0,"y":0.0,"z":-1.0},"influence":{"data":[{"boneId":"Armature_Bone_003","weight":1.0}]}},{"position":{"x":1.0,"y":5.715269,"z":1.0},"color":{"r":1.0,"g":0.0,"b":0.0,"a":1.0},"normal":{"x":0.0,"y":0.0,"z":1.0},"influence":{"data":[{"boneId":"Armature_Bone_001","weight":0.01492607},{"boneId":"Armature_Bone_002","weight":0.01218128},{"boneId":"Armature_Bone_003","weight":0.9728927}]}},{"position":{"x":-1.0,"y":8.398695,"z":1.0},"color":{"r":1.0,"g":0.0,"b":0.0,"a":1.0},"normal":{"x":0.0,"y":0.0,"z":1.0},"influence":{"data":[{"boneId":"Armature_Bone_003","weight":1.0}]}},{"position":{"x":1.0,"y":5.715269,"z":-1.0},"color":{"r":1.0,"g":0.0,"b":0.0,"a":1.0},"normal":{"x":1.0,"y":0.0,"z":0.0},"influence":{"data":[{"boneId":"Armature_Bone_001","weight":0.01744347},{"boneId":"Armature_Bone_002","weight":0.01452499},{"boneId":"Armature_Bone_003","weight":0.9680315}]}},{"position":{"x":1.0,"y":8.398695,"z":1.0},"color":{"r":1.0,"g":0.0,"b":0.0,"a":1.0},"normal":{"x":1.0,"y":0.0,"z":0.0},"influence":{"data":[{"boneId":"Armature_Bone_003","weight":1.0}]}},{"position":{"x":-1.0,"y":-1.0,"z":1.0},"color":{"r":1.0,"g":0.0,"b":0.0,"a":1.0},"normal":{"x":0.0,"y":0.0,"z":1.0},"influence":{"data":[{"boneId":"Armature_Bone","weight":0.9142199},{"boneId":"Armature_Bone_001","weight":0.08578014}]}},{"position":{"x":-1.0,"y":-1.0,"z":1.0},"color":{"r":1.0,"g":0.0,"b":0.0,"a":1.0},"normal":{"x":0.0,"y":-1.0,"z":0.0},"influence":{"data":[{"boneId":"Armature_Bone","weight":0.9142199},{"boneId":"Armature_Bone_001","weight":0.08578014}]}},{"position":{"x":1.0,"y":-1.0,"z":-1.0},"color":{"r":1.0,"g":0.0,"b":0.0,"a":1.0},"normal":{"x":0.0,"y":0.0,"z":-1.0},"influence":{"data":[{"boneId":"Armature_Bone","weight":0.9143164},{"boneId":"Armature_Bone_001","weight":0.08568358}]}},{"position":{"x":1.0,"y":-1.0,"z":1.0},"color":{"r":1.0,"g":0.0,"b":0.0,"a":1.0},"normal":{"x":1.0,"y":0.0,"z":0.0},"influence":{"data":[{"boneId":"Armature_Bone","weight":0.9212653},{"boneId":"Armature_Bone_001","weight":0.07873475}]}},{"position":{"x":-1.0,"y":8.398695,"z":1.0},"color":{"r":1.0,"g":0.0,"b":0.0,"a":1.0},"normal":{"x":-1.0,"y":0.0,"z":0.0},"influence":{"data":[{"boneId":"Armature_Bone_003","weight":1.0}]}},{"position":{"x":1.0,"y":8.398695,"z":1.0},"color":{"r":1.0,"g":0.0,"b":0.0,"a":1.0},"normal":{"x":0.0,"y":1.0,"z":0.0},"influence":{"data":[{"boneId":"Armature_Bone_003","weight":1.0}]}},{"position":{"x":-1.0,"y":8.398695,"z":-1.0},"color":{"r":1.0,"g":0.0,"b":0.0,"a":1.0},"normal":{"x":0.0,"y":0.0,"z":-1.0},"influence":{"data":[{"boneId":"Armature_Bone_003","weight":1.0}]}},{"position":{"x":1.0,"y":8.398695,"z":1.0},"color":{"r":1.0,"g":0.0,"b":0.0,"a":1.0},"normal":{"x":0.0,"y":0.0,"z":1.0},"influence":{"data":[{"boneId":"Armature_Bone_003","weight":1.0}]}},{"position":{"x":1.0,"y":8.398695,"z":-1.0},"color":{"r":1.0,"g":0.0,"b":0.0,"a":1.0},"normal":{"x":1.0,"y":0.0,"z":0.0},"influence":{"data":[{"boneId":"Armature_Bone_003","weight":1.0}]}}],"verticesOrder":[0,1,2,3,4,5,6,7,8,9,10,11,12,13,14,14,15,12,16,17,18,19,20,7,11,21,9,2,18,0,22,23,24,25,26,15,27,24,20,28,29,21,30,31,32,33,34,29,35,36,17,37,38,26,0,39,1,3,40,4,6,19,7,9,41,10,12,42,13,14,25,15,16,35,17,19,27,20,11,28,21,2,16,18,22,43,23,25,37,26,27,22,24,28,33,29,30,44,31,33,45,34,35,46,36,37,47,38]},"armature":{"type":"collada.Armature","rootBone":{"id":"Armature_Bone","childs":[{"id":"Armature_Bone_001","childs":[{"id":"Armature_Bone_002","childs":[{"id":"Armature_Bone_003","childs":[],"transformation":{"matrix":[1.0,0.0,0.0,0.0,0.0,0.9999676,0.008064256,2.482281,0.0,-0.008064256,0.9999675,0.0,0.0,0.0,0.0,1.0]},"weights":[],"inverseBindPose":{"matrix":[1.0,0.0,0.0,0.0,0.0,0.9999673,-0.00806421,-5.68277,0.0,0.00806421,0.9999675,-0.06598138,0.0,0.0,0.0,1.0]}}],"transformation":{"matrix":[1.0,0.0,0.0,0.0,0.0,1.0,9.31323E-10,2.199215,0.0,-9.31323E-10,1.0,7.44278E-10,0.0,0.0,0.0,1.0]},"weights":[],"inverseBindPose":{"matrix":[1.0,0.0,0.0,0.0,0.0,1.0,0.0,-3.200837,0.0,0.0,1.0,-0.02015197,0.0,0.0,0.0,1.0]}}],"transformation":{"matrix":[1.0,0.0,0.0,0.0,0.0,0.9999484,0.01016968,1.981573,0.0,-0.01016968,0.9999483,9.31323E-10,0.0,0.0,0.0,1.0]},"weights":[],"inverseBindPose":{"matrix":[1.0,0.0,0.0,0.0,0.0,1.0,0.0,-1.001622,0.0,0.0,1.0,-0.02015191,0.0,0.0,0.0,1.0]}}],"transformation":{"matrix":[1.0,0.0,0.0,0.0,0.0,0.9999483,-0.01016968,-0.9798481,0.0,0.01016968,0.9999483,0.0,0.0,0.0,0.0,1.0]},"weights":[],"inverseBindPose":{"matrix":[1.0,0.0,0.0,0.0,0.0,0.9999483,0.01016968,0.9797974,0.0,-0.01016968,0.9999483,-0.009964704,0.0,0.0,0.0,1.0]}}},"animations":{"type":"collada.Animations","animations":[{"name":"action_container-Armature","keyFrames":[{"time":0.04166662,"transformations":{"Armature_Bone":{"matrix":[0.0,0.9999483,-0.01016968,-0.9027526,0.0,0.01016968,0.9999483,0.02480218,1.0,0.0,0.0,-0.02836561,0.0,0.0,0.0,1.0]},"Armature_Bone_001":{"matrix":[-0.6892152,0.7245549,-0.001648717,1.981573,-0.2971731,-0.280602,0.9126613,-3.72529E-9,0.6608105,0.62951,0.4087134,0.0,0.0,0.0,0.0,1.0]},"Armature_Bone_002":{"matrix":[-0.6710663,0.7413702,-0.006353363,2.199214,-0.2994622,-0.2632051,0.9170854,0.0,0.6782275,0.6173277,0.3986404,2.38419E-7,0.0,0.0,0.0,1.0]},"Armature_Bone_003":{"matrix":[-0.5590211,0.8287629,0.0254432,2.482281,-0.2604719,-0.2046616,0.9435401,0.0,0.7871783,0.5208317,0.3302797,-2.38419E-7,0.0,0.0,0.0,1.0]}},"interpolation":"LINEAR"},{"time":0.08333331,"transformations":{"Armature_Bone":{"matrix":[0.0,0.9999483,-0.01016968,-0.9043092,0.0,0.01016968,0.9999483,0.02470274,1.0,0.0,0.0,-0.03164215,0.0,0.0,0.0,1.0]},"Armature_Bone_001":{"matrix":[-0.6892152,0.7245549,-0.001648717,1.981573,-0.2971731,-0.280602,0.9126613,0.0,0.6608105,0.62951,0.4087134,0.0,0.0,0.0,0.0,1.0]},"Armature_Bone_002":{"matrix":[-0.6710663,0.7413702,-0.006353363,2.199214,-0.2994622,-0.2632051,0.9170854,5.96046E-8,0.6782275,0.6173277,0.3986404,5.96046E-8,0.0,0.0,0.0,1.0]},"Armature_Bone_003":{"matrix":[-0.5590211,0.8287629,0.0254432,2.482281,-0.2604719,-0.2046616,0.9435401,2.38419E-7,0.7871783,0.5208317,0.3302797,0.0,0.0,0.0,0.0,1.0]}},"interpolation":"LINEAR"},{"time":0.125,"transformations":{"Armature_Bone":{"matrix":[0.0,0.9999483,-0.01016968,-0.9087521,0.0,0.01016968,0.9999483,0.02441889,1.0,0.0,0.0,-0.04099516,0.0,0.0,0.0,1.0]},"Armature_Bone_001":{"matrix":[-0.6892152,0.7245549,-0.001648717,1.981573,-0.2971731,-0.280602,0.9126613,-2.79397E-9,0.6608105,0.62951,0.4087134,0.0,0.0,0.0,0.0,1.0]},"Armature_Bone_002":{"matrix":[-0.6710663,0.7413702,-0.006353363,2.199215,-0.2994622,-0.2632051,0.9170854,5.96046E-8,0.6782275,0.6173277,0.3986404,1.78814E-7,0.0,0.0,0.0,1.0]},"Armature_Bone_003":{"matrix":[-0.5590211,0.8287629,0.0254432,2.482281,-0.2604719,-0.2046616,0.9435401,0.0,0.7871783,0.5208317,0.3302797,-2.38419E-7,0.0,0.0,0.0,1.0]}},"interpolation":"LINEAR"},{"time":0.1666666,"transformations":{"Armature_Bone":{"matrix":[0.0,0.9999483,-0.01016968,-0.9157422,0.0,0.01016968,0.9999483,0.02397231,1.0,0.0,0.0,-0.05570978,0.0,0.0,0.0,1.0]},"Armature_Bone_001":{"matrix":[-0.6892152,0.7245549,-0.001648717,1.981573,-0.2971731,-0.280602,0.9126613,-3.72529E-9,0.6608105,0.62951,0.4087134,0.0,0.0,0.0,0.0,1.0]},"Armature_Bone_002":{"matrix":[-0.6710663,0.7413702,-0.006353363,2.199215,-0.2994622,-0.2632051,0.9170854,0.0,0.6782275,0.6173277,0.3986404,2.38419E-7,0.0,0.0,0.0,1.0]},"Armature_Bone_003":{"matrix":[-0.5590211,0.8287629,0.0254432,2.482281,-0.2604719,-0.2046616,0.9435401,-1.19209E-7,0.7871783,0.5208317,0.3302797,0.0,0.0,0.0,0.0,1.0]}},"interpolation":"LINEAR"},{"time":0.2083333,"transformations":{"Armature_Bone":{"matrix":[0.0,0.9999483,-0.01016968,-0.9249395,0.0,0.01016968,0.9999483,0.02338471,1.0,0.0,0.0,-0.07507112,0.0,0.0,0.0,1.0]},"Armature_Bone_001":{"matrix":[-0.6892152,0.7245549,-0.001648717,1.981573,-0.2971731,-0.280602,0.9126613,3.72529E-9,0.6608105,0.62951,0.4087134,0.0,0.0,0.0,0.0,1.0]},"Armature_Bone_002":{"matrix":[-0.6710663,0.7413702,-0.006353363,2.199214,-0.2994622,-0.2632051,0.9170854,0.0,0.6782275,0.6173277,0.3986404,0.0,0.0,0.0,0.0,1.0]},"Armature_Bone_003":{"matrix":[-0.5590211,0.8287629,0.0254432,2.482281,-0.2604719,-0.2046616,0.9435401,2.38419E-7,0.7871783,0.5208317,0.3302797,-2.38419E-7,0.0,0.0,0.0,1.0]}},"interpolation":"LINEAR"},{"time":0.25,"transformations":{"Armature_Bone":{"matrix":[0.0,0.9999483,-0.01016968,-0.9360046,0.0,0.01016968,0.9999483,0.02267778,1.0,0.0,0.0,-0.09836429,0.0,0.0,0.0,1.0]},"Armature_Bone_001":{"matrix":[-0.6892152,0.7245549,-0.001648717,1.981573,-0.2971731,-0.280602,0.9126613,-9.31323E-10,0.6608105,0.62951,0.4087134,0.0,0.0,0.0,0.0,1.0]},"Armature_Bone_002":{"matrix":[-0.6710663,0.7413702,-0.006353363,2.199215,-0.2994622,-0.2632051,0.9170854,5.96046E-8,0.6782275,0.6173277,0.3986404,1.19209E-7,0.0,0.0,0.0,1.0]},"Armature_Bone_003":{"matrix":[-0.5590211,0.8287629,0.0254432,2.482281,-0.2604719,-0.2046616,0.9435401,2.38419E-7,0.7871783,0.5208317,0.3302797,-4.76837E-7,0.0,0.0,0.0,1.0]}},"interpolation":"LINEAR"},{"time":0.2916666,"transformations":{"Armature_Bone":{"matrix":[0.0,0.9999483,-0.01016968,-0.9485979,0.0,0.01016968,0.9999483,0.02187321,1.0,0.0,0.0,-0.1248744,0.0,0.0,0.0,1.0]},"Armature_Bone_001":{"matrix":[-0.6892152,0.7245549,-0.001648717,1.981573,-0.2971731,-0.280602,0.9126613,-3.72529E-9,0.6608105,0.62951,0.4087134,0.0,0.0,0.0,0.0,1.0]},"Armature_Bone_002":{"matrix":[-0.6710663,0.7413702,-0.006353363,2.199215,-0.2994622,-0.2632051,0.9170854,-2.98023E-8,0.6782275,0.6173277,0.3986404,0.0,0.0,0.0,0.0,1.0]},"Armature_Bone_003":{"matrix":[-0.5590211,0.8287629,0.0254432,2.482281,-0.2604719,-0.2046616,0.9435401,0.0,0.7871783,0.5208317,0.3302797,0.0,0.0,0.0,0.0,1.0]}},"interpolation":"LINEAR"},{"time":0.3333333,"transformations":{"Armature_Bone":{"matrix":[0.0,0.9999483,-0.01016968,-0.9623798,0.0,0.01016968,0.9999483,0.02099271,1.0,0.0,0.0,-0.1538867,0.0,0.0,0.0,1.0]},"Armature_Bone_001":{"matrix":[-0.6892152,0.7245549,-0.001648717,1.981573,-0.2971731,-0.280602,0.9126613,9.31323E-10,0.6608105,0.62951,0.4087134,0.0,0.0,0.0,0.0,1.0]},"Armature_Bone_002":{"matrix":[-0.6710663,0.7413702,-0.006353363,2.199215,-0.2994622,-0.2632051,0.9170854,2.98023E-8,0.6782275,0.6173277,0.3986404,5.96046E-8,0.0,0.0,0.0,1.0]},"Armature_Bone_003":{"matrix":[-0.5590211,0.8287629,0.0254432,2.482281,-0.2604719,-0.2046616,0.9435401,2.38419E-7,0.7871783,0.5208317,0.3302797,0.0,0.0,0.0,0.0,1.0]}},"interpolation":"LINEAR"},{"time":0.375,"transformations":{"Armature_Bone":{"matrix":[0.0,0.9999483,-0.01016968,-0.9770107,0.0,0.01016968,0.9999483,0.02005797,1.0,0.0,0.0,-0.1846861,0.0,0.0,0.0,1.0]},"Armature_Bone_001":{"matrix":[-0.6892152,0.7245549,-0.001648717,1.981573,-0.2971731,-0.280602,0.9126613,-2.79397E-9,0.6608105,0.62951,0.4087134,1.49012E-8,0.0,0.0,0.0,1.0]},"Armature_Bone_002":{"matrix":[-0.6710663,0.7413702,-0.006353363,2.199215,-0.2994622,-0.2632051,0.9170854,5.96046E-8,0.6782275,0.6173277,0.3986404,5.96046E-8,0.0,0.0,0.0,1.0]},"Armature_Bone_003":{"matrix":[-0.5590211,0.8287629,0.0254432,2.482281,-0.2604719,-0.2046616,0.9435401,0.0,0.7871783,0.5208317,0.3302797,-2.38419E-7,0.0,0.0,0.0,1.0]}},"interpolation":"LINEAR"},{"time":0.4166666,"transformations":{"Armature_Bone":{"matrix":[0.0,0.9999483,-0.01016968,-0.9921509,0.0,0.01016968,0.9999483,0.01909069,1.0,0.0,0.0,-0.2165578,0.0,0.0,0.0,1.0]},"Armature_Bone_001":{"matrix":[-0.6892152,0.7245549,-0.001648717,1.981573,-0.2971731,-0.280602,0.9126613,1.86265E-9,0.6608105,0.62951,0.4087134,0.0,0.0,0.0,0.0,1.0]},"Armature_Bone_002":{"matrix":[-0.6710663,0.7413702,-0.006353363,2.199215,-0.2994622,-0.2632051,0.9170854,-2.98023E-8,0.6782275,0.6173277,0.3986404,0.0,0.0,0.0,0.0,1.0]},"Armature_Bone_003":{"matrix":[-0.5590211,0.8287629,0.0254432,2.482281,-0.2604719,-0.2046616,0.9435401,0.0,0.7871783,0.5208317,0.3302797,-2.38419E-7,0.0,0.0,0.0,1.0]}},"interpolation":"LINEAR"},{"time":0.4583333,"transformations":{"Armature_Bone":{"matrix":[0.0,0.9999483,-0.01016968,-1.007461,0.0,0.01016968,0.9999483,0.01811256,1.0,0.0,0.0,-0.248787,0.0,0.0,0.0,1.0]},"Armature_Bone_001":{"matrix":[-0.6892152,0.7245549,-0.001648717,1.981573,-0.2971731,-0.280602,0.9126613,1.86265E-9,0.6608105,0.62951,0.4087134,0.0,0.0,0.0,0.0,1.0]},"Armature_Bone_002":{"matrix":[-0.6710663,0.7413702,-0.006353363,2.199215,-0.2994622,-0.2632051,0.9170854,0.0,0.6782275,0.6173277,0.3986404,2.38419E-7,0.0,0.0,0.0,1.0]},"Armature_Bone_003":{"matrix":[-0.5590211,0.8287629,0.0254432,2.482282,-0.2604719,-0.2046616,0.9435401,2.38419E-7,0.7871783,0.5208317,0.3302797,-2.38419E-7,0.0,0.0,0.0,1.0]}},"interpolation":"LINEAR"},{"time":0.5,"transformations":{"Armature_Bone":{"matrix":[0.0,0.9999483,-0.01016968,-1.022601,0.0,0.01016968,0.9999483,0.01714527,1.0,0.0,0.0,-0.2806588,0.0,0.0,0.0,1.0]},"Armature_Bone_001":{"matrix":[-0.6892152,0.7245549,-0.001648717,1.981573,-0.2971731,-0.280602,0.9126613,0.0,0.6608105,0.62951,0.4087134,0.0,0.0,0.0,0.0,1.0]},"Armature_Bone_002":{"matrix":[-0.6710663,0.7413702,-0.006353363,2.199215,-0.2994622,-0.2632051,0.9170854,2.98023E-8,0.6782275,0.6173277,0.3986404,0.0,0.0,0.0,0.0,1.0]},"Armature_Bone_003":{"matrix":[-0.5590211,0.8287629,0.0254432,2.482281,-0.2604719,-0.2046616,0.9435401,2.38419E-7,0.7871783,0.5208317,0.3302797,-2.38419E-7,0.0,0.0,0.0,1.0]}},"interpolation":"LINEAR"},{"time":0.5416667,"transformations":{"Armature_Bone":{"matrix":[0.0,0.9999483,-0.01016968,-1.037232,0.0,0.01016968,0.9999483,0.01621053,1.0,0.0,0.0,-0.3114581,0.0,0.0,0.0,1.0]},"Armature_Bone_001":{"matrix":[-0.6892152,0.7245549,-0.001648717,1.981573,-0.2971731,-0.280602,0.9126613,3.72529E-9,0.6608105,0.62951,0.4087134,0.0,0.0,0.0,0.0,1.0]},"Armature_Bone_002":{"matrix":[-0.6710663,0.7413702,-0.006353363,2.199215,-0.2994622,-0.2632051,0.9170854,-2.98023E-8,0.6782275,0.6173277,0.3986404,1.19209E-7,0.0,0.0,0.0,1.0]},"Armature_Bone_003":{"matrix":[-0.5590211,0.8287629,0.0254432,2.482281,-0.2604719,-0.2046616,0.9435401,0.0,0.7871783,0.5208317,0.3302797,-2.38419E-7,0.0,0.0,0.0,1.0]}},"interpolation":"LINEAR"},{"time":0.5833333,"transformations":{"Armature_Bone":{"matrix":[0.0,0.9999483,-0.01016968,-1.051014,0.0,0.01016968,0.9999483,0.01533003,1.0,0.0,0.0,-0.3404704,0.0,0.0,0.0,1.0]},"Armature_Bone_001":{"matrix":[-0.6892152,0.7245549,-0.001648717,1.981573,-0.2971731,-0.280602,0.9126613,9.31323E-10,0.6608105,0.62951,0.4087134,2.98023E-8,0.0,0.0,0.0,1.0]},"Armature_Bone_002":{"matrix":[-0.6710663,0.7413702,-0.006353363,2.199215,-0.2994622,-0.2632051,0.9170854,-5.96046E-8,0.6782275,0.6173277,0.3986404,1.19209E-7,0.0,0.0,0.0,1.0]},"Armature_Bone_003":{"matrix":[-0.5590211,0.8287629,0.0254432,2.482281,-0.2604719,-0.2046616,0.9435401,0.0,0.7871783,0.5208317,0.3302797,-2.38419E-7,0.0,0.0,0.0,1.0]}},"interpolation":"LINEAR"},{"time":0.625,"transformations":{"Armature_Bone":{"matrix":[0.0,0.9999483,-0.01016968,-1.063607,0.0,0.01016968,0.9999483,0.01452547,1.0,0.0,0.0,-0.3669805,0.0,0.0,0.0,1.0]},"Armature_Bone_001":{"matrix":[-0.6892152,0.7245549,-0.001648717,1.981573,-0.2971731,-0.280602,0.9126613,1.86265E-9,0.6608105,0.62951,0.4087134,2.98023E-8,0.0,0.0,0.0,1.0]},"Armature_Bone_002":{"matrix":[-0.6710663,0.7413702,-0.006353363,2.199214,-0.2994622,-0.2632051,0.9170854,0.0,0.6782275,0.6173277,0.3986404,0.0,0.0,0.0,0.0,1.0]},"Armature_Bone_003":{"matrix":[-0.5590211,0.8287629,0.0254432,2.482281,-0.2604719,-0.2046616,0.9435401,2.38419E-7,0.7871783,0.5208317,0.3302797,-2.38419E-7,0.0,0.0,0.0,1.0]}},"interpolation":"LINEAR"},{"time":0.6666667,"transformations":{"Armature_Bone":{"matrix":[0.0,0.9999483,-0.01016968,-1.074672,0.0,0.01016968,0.9999483,0.01381854,1.0,0.0,0.0,-0.3902736,0.0,0.0,0.0,1.0]},"Armature_Bone_001":{"matrix":[-0.6892152,0.7245549,-0.001648717,1.981573,-0.2971731,-0.280602,0.9126613,2.79397E-9,0.6608105,0.62951,0.4087134,-2.98023E-8,0.0,0.0,0.0,1.0]},"Armature_Bone_002":{"matrix":[-0.6710663,0.7413702,-0.006353363,2.199214,-0.2994622,-0.2632051,0.9170854,8.9407E-8,0.6782275,0.6173277,0.3986404,2.38419E-7,0.0,0.0,0.0,1.0]},"Armature_Bone_003":{"matrix":[-0.5590211,0.8287629,0.0254432,2.482281,-0.2604719,-0.2046616,0.9435401,0.0,0.7871783,0.5208317,0.3302797,-4.76837E-7,0.0,0.0,0.0,1.0]}},"interpolation":"LINEAR"},{"time":0.7083333,"transformations":{"Armature_Bone":{"matrix":[0.0,0.9999483,-0.01016968,-1.08387,0.0,0.01016968,0.9999483,0.01323094,1.0,0.0,0.0,-0.409635,0.0,0.0,0.0,1.0]},"Armature_Bone_001":{"matrix":[-0.6892152,0.7245549,-0.001648717,1.981573,-0.2971731,-0.280602,0.9126613,9.31323E-10,0.6608105,0.62951,0.4087134,2.98023E-8,0.0,0.0,0.0,1.0]},"Armature_Bone_002":{"matrix":[-0.6710663,0.7413702,-0.006353363,2.199214,-0.2994622,-0.2632051,0.9170854,0.0,0.6782275,0.6173277,0.3986404,1.19209E-7,0.0,0.0,0.0,1.0]},"Armature_Bone_003":{"matrix":[-0.5590211,0.8287629,0.0254432,2.482281,-0.2604719,-0.2046616,0.9435401,1.19209E-7,0.7871783,0.5208317,0.3302797,-4.76837E-7,0.0,0.0,0.0,1.0]}},"interpolation":"LINEAR"},{"time":0.75,"transformations":{"Armature_Bone":{"matrix":[0.0,0.9999483,-0.01016968,-1.09086,0.0,0.01016968,0.9999483,0.01278436,1.0,0.0,0.0,-0.4243497,0.0,0.0,0.0,1.0]},"Armature_Bone_001":{"matrix":[-0.6892152,0.7245549,-0.001648717,1.981573,-0.2971731,-0.280602,0.9126613,0.0,0.6608105,0.62951,0.4087134,0.0,0.0,0.0,0.0,1.0]},"Armature_Bone_002":{"matrix":[-0.6710663,0.7413702,-0.006353363,2.199215,-0.2994622,-0.2632051,0.9170854,2.98023E-8,0.6782275,0.6173277,0.3986404,1.19209E-7,0.0,0.0,0.0,1.0]},"Armature_Bone_003":{"matrix":[-0.5590211,0.8287629,0.0254432,2.482281,-0.2604719,-0.2046616,0.9435401,1.19209E-7,0.7871783,0.5208317,0.3302797,-4.76837E-7,0.0,0.0,0.0,1.0]}},"interpolation":"LINEAR"},{"time":0.7916667,"transformations":{"Armature_Bone":{"matrix":[0.0,0.9999483,-0.01016968,-1.095303,0.0,0.01016968,0.9999483,0.0125005,1.0,0.0,0.0,-0.4337026,0.0,0.0,0.0,1.0]},"Armature_Bone_001":{"matrix":[-0.6892152,0.7245549,-0.001648717,1.981573,-0.2971731,-0.280602,0.9126613,9.31323E-10,0.6608105,0.62951,0.4087134,0.0,0.0,0.0,0.0,1.0]},"Armature_Bone_002":{"matrix":[-0.6710663,0.7413702,-0.006353363,2.199215,-0.2994622,-0.2632051,0.9170854,2.98023E-8,0.6782275,0.6173277,0.3986404,2.38419E-7,0.0,0.0,0.0,1.0]},"Armature_Bone_003":{"matrix":[-0.5590211,0.8287629,0.0254432,2.482281,-0.2604719,-0.2046616,0.9435401,1.19209E-7,0.7871783,0.5208317,0.3302797,0.0,0.0,0.0,0.0,1.0]}},"interpolation":"LINEAR"},{"time":0.8333333,"transformations":{"Armature_Bone":{"matrix":[0.0,0.9999483,-0.01016968,-1.096859,0.0,0.01016968,0.9999483,0.01240106,1.0,0.0,0.0,-0.4369792,0.0,0.0,0.0,1.0]},"Armature_Bone_001":{"matrix":[-0.6892152,0.7245549,-0.001648717,1.981573,-0.2971731,-0.280602,0.9126613,-3.72529E-9,0.6608105,0.62951,0.4087134,-2.98023E-8,0.0,0.0,0.0,1.0]},"Armature_Bone_002":{"matrix":[-0.6710663,0.7413702,-0.006353363,2.199214,-0.2994622,-0.2632051,0.9170854,-2.98023E-8,0.6782275,0.6173277,0.3986404,2.38419E-7,0.0,0.0,0.0,1.0]},"Armature_Bone_003":{"matrix":[-0.5590211,0.8287629,0.0254432,2.482281,-0.2604719,-0.2046616,0.9435401,0.0,0.7871783,0.5208317,0.3302797,0.0,0.0,0.0,0.0,1.0]}},"interpolation":"LINEAR"},{"time":0.875,"transformations":{"Armature_Bone":{"matrix":[0.0,0.9999483,-0.01016968,-1.096407,0.0,0.01016968,0.9999483,0.01257474,1.0,0.0,0.0,-0.4366212,0.0,0.0,0.0,1.0]},"Armature_Bone_001":{"matrix":[-0.6892152,0.7245549,-0.001648717,1.981573,-0.2971731,-0.280602,0.9126613,-9.31323E-10,0.6608105,0.62951,0.4087134,0.0,0.0,0.0,0.0,1.0]},"Armature_Bone_002":{"matrix":[-0.6710663,0.7413702,-0.006353363,2.199215,-0.2994622,-0.2632051,0.9170854,0.0,0.6782275,0.6173277,0.3986404,1.19209E-7,0.0,0.0,0.0,1.0]},"Armature_Bone_003":{"matrix":[-0.5590211,0.8287629,0.0254432,2.482281,-0.2604719,-0.2046616,0.9435401,2.38419E-7,0.7871783,0.5208317,0.3302797,-4.76837E-7,0.0,0.0,0.0,1.0]}},"interpolation":"LINEAR"},{"time":0.9166667,"transformations":{"Armature_Bone":{"matrix":[0.0,0.9999483,-0.01016968,-1.095069,0.0,0.01016968,0.9999483,0.01308869,1.0,0.0,0.0,-0.435562,0.0,0.0,0.0,1.0]},"Armature_Bone_001":{"matrix":[-0.6892152,0.7245549,-0.001648717,1.981573,-0.2971731,-0.280602,0.9126613,9.31323E-10,0.6608105,0.62951,0.4087134,2.98023E-8,0.0,0.0,0.0,1.0]},"Armature_Bone_002":{"matrix":[-0.6710663,0.7413702,-0.006353363,2.199215,-0.2994622,-0.2632051,0.9170854,2.98023E-8,0.6782275,0.6173277,0.3986404,1.19209E-7,0.0,0.0,0.0,1.0]},"Armature_Bone_003":{"matrix":[-0.5590211,0.8287629,0.0254432,2.482281,-0.2604719,-0.2046616,0.9435401,0.0,0.7871783,0.5208317,0.3302797,-2.38419E-7,0.0,0.0,0.0,1.0]}},"interpolation":"LINEAR"},{"time":0.9583333,"transformations":{"Armature_Bone":{"matrix":[0.0,0.9999483,-0.01016968,-1.092872,0.0,0.01016968,0.9999483,0.01393228,1.0,0.0,0.0,-0.4338233,0.0,0.0,0.0,1.0]},"Armature_Bone_001":{"matrix":[-0.6892152,0.7245549,-0.001648717,1.981573,-0.2971731,-0.280602,0.9126613,9.31323E-10,0.6608105,0.62951,0.4087134,0.0,0.0,0.0,0.0,1.0]},"Armature_Bone_002":{"matrix":[-0.6710663,0.7413702,-0.006353363,2.199215,-0.2994622,-0.2632051,0.9170854,0.0,0.6782275,0.6173277,0.3986404,1.19209E-7,0.0,0.0,0.0,1.0]},"Armature_Bone_003":{"matrix":[-0.5590211,0.8287629,0.0254432,2.482281,-0.2604719,-0.2046616,0.9435401,2.38419E-7,0.7871783,0.5208317,0.3302797,-2.38419E-7,0.0,0.0,0.0,1.0]}},"interpolation":"LINEAR"},{"time":1.0,"transformations":{"Armature_Bone":{"matrix":[0.0,0.9999483,-0.01016968,-1.089845,0.0,0.01016968,0.9999483,0.01509487,1.0,0.0,0.0,-0.4314273,0.0,0.0,0.0,1.0]},"Armature_Bone_001":{"matrix":[-0.6892152,0.7245549,-0.001648717,1.981573,-0.2971731,-0.280602,0.9126613,9.31323E-10,0.6608105,0.62951,0.4087134,0.0,0.0,0.0,0.0,1.0]},"Armature_Bone_002":{"matrix":[-0.6710663,0.7413702,-0.006353363,2.199215,-0.2994622,-0.2632051,0.9170854,2.98023E-8,0.6782275,0.6173277,0.3986404,0.0,0.0,0.0,0.0,1.0]},"Armature_Bone_003":{"matrix":[-0.5590211,0.8287629,0.0254432,2.482281,-0.2604719,-0.2046616,0.9435401,2.38419E-7,0.7871783,0.5208317,0.3302797,-2.38419E-7,0.0,0.0,0.0,1.0]}},"interpolation":"LINEAR"},{"time":1.041667,"transformations":{"Armature_Bone":{"matrix":[0.0,0.9999483,-0.01016968,-1.086015,0.0,0.01016968,0.9999483,0.01656583,1.0,0.0,0.0,-0.4283956,0.0,0.0,0.0,1.0]},"Armature_Bone_001":{"matrix":[-0.6892152,0.7245549,-0.001648717,1.981573,-0.2971731,-0.280602,0.9126613,-9.31323E-10,0.6608105,0.62951,0.4087134,0.0,0.0,0.0,0.0,1.0]},"Armature_Bone_002":{"matrix":[-0.6710663,0.7413702,-0.006353363,2.199215,-0.2994622,-0.2632051,0.9170854,0.0,0.6782275,0.6173277,0.3986404,1.19209E-7,0.0,0.0,0.0,1.0]},"Armature_Bone_003":{"matrix":[-0.5590211,0.8287629,0.0254432,2.482281,-0.2604719,-0.2046616,0.9435401,0.0,0.7871783,0.5208317,0.3302797,0.0,0.0,0.0,0.0,1.0]}},"interpolation":"LINEAR"},{"time":1.083333,"transformations":{"Armature_Bone":{"matrix":[0.0,0.9999483,-0.01016968,-1.081409,0.0,0.01016968,0.9999483,0.01833453,1.0,0.0,0.0,-0.4247504,0.0,0.0,0.0,1.0]},"Armature_Bone_001":{"matrix":[-0.6892152,0.7245549,-0.001648717,1.981573,-0.2971731,-0.280602,0.9126613,-2.79397E-9,0.6608105,0.62951,0.4087134,2.98023E-8,0.0,0.0,0.0,1.0]},"Armature_Bone_002":{"matrix":[-0.6710663,0.7413702,-0.006353363,2.199215,-0.2994622,-0.2632051,0.9170854,0.0,0.6782275,0.6173277,0.3986404,1.19209E-7,0.0,0.0,0.0,1.0]},"Armature_Bone_003":{"matrix":[-0.5590211,0.8287629,0.0254432,2.482281,-0.2604719,-0.2046616,0.9435401,1.19209E-7,0.7871783,0.5208317,0.3302797,-2.38419E-7,0.0,0.0,0.0,1.0]}},"interpolation":"LINEAR"},{"time":1.125,"transformations":{"Armature_Bone":{"matrix":[0.0,0.9999483,-0.01016968,-1.076056,0.0,0.01016968,0.9999483,0.02039034,1.0,0.0,0.0,-0.4205134,0.0,0.0,0.0,1.0]},"Armature_Bone_001":{"matrix":[-0.6892152,0.7245549,-0.001648717,1.981573,-0.2971731,-0.280602,0.9126613,9.31323E-10,0.6608105,0.62951,0.4087134,0.0,0.0,0.0,0.0,1.0]},"Armature_Bone_002":{"matrix":[-0.6710663,0.7413702,-0.006353363,2.199215,-0.2994622,-0.2632051,0.9170854,2.98023E-8,0.6782275,0.6173277,0.3986404,0.0,0.0,0.0,0.0,1.0]},"Armature_Bone_003":{"matrix":[-0.5590211,0.8287629,0.0254432,2.482282,-0.2604719,-0.2046616,0.9435401,1.19209E-7,0.7871783,0.5208317,0.3302797,-2.38419E-7,0.0,0.0,0.0,1.0]}},"interpolation":"LINEAR"},{"time":1.166667,"transformations":{"Armature_Bone":{"matrix":[0.0,0.9999483,-0.01016968,-1.069983,0.0,0.01016968,0.9999483,0.02272261,1.0,0.0,0.0,-0.4157066,0.0,0.0,0.0,1.0]},"Armature_Bone_001":{"matrix":[-0.6892152,0.7245549,-0.001648717,1.981573,-0.2971731,-0.280602,0.9126613,-9.31323E-10,0.6608105,0.62951,0.4087134,0.0,0.0,0.0,0.0,1.0]},"Armature_Bone_002":{"matrix":[-0.6710663,0.7413702,-0.006353363,2.199215,-0.2994622,-0.2632051,0.9170854,2.98023E-8,0.6782275,0.6173277,0.3986404,-1.19209E-7,0.0,0.0,0.0,1.0]},"Armature_Bone_003":{"matrix":[-0.5590211,0.8287629,0.0254432,2.482281,-0.2604719,-0.2046616,0.9435401,1.19209E-7,0.7871783,0.5208317,0.3302797,-2.38419E-7,0.0,0.0,0.0,1.0]}},"interpolation":"LINEAR"},{"time":1.208333,"transformations":{"Armature_Bone":{"matrix":[0.0,0.9999483,-0.01016968,-1.063218,0.0,0.01016968,0.9999483,0.02532072,1.0,0.0,0.0,-0.410352,0.0,0.0,0.0,1.0]},"Armature_Bone_001":{"matrix":[-0.6892152,0.7245549,-0.001648717,1.981573,-0.2971731,-0.280602,0.9126613,-9.31323E-10,0.6608105,0.62951,0.4087134,0.0,0.0,0.0,0.0,1.0]},"Armature_Bone_002":{"matrix":[-0.6710663,0.7413702,-0.006353363,2.199214,-0.2994622,-0.2632051,0.9170854,-2.98023E-8,0.6782275,0.6173277,0.3986404,1.19209E-7,0.0,0.0,0.0,1.0]},"Armature_Bone_003":{"matrix":[-0.5590211,0.8287629,0.0254432,2.482282,-0.2604719,-0.2046616,0.9435401,2.38419E-7,0.7871783,0.5208317,0.3302797,-2.38419E-7,0.0,0.0,0.0,1.0]}},"interpolation":"LINEAR"},{"time":1.25,"transformations":{"Armature_Bone":{"matrix":[0.0,0.9999483,-0.01016968,-1.055789,0.0,0.01016968,0.9999483,0.02817403,1.0,0.0,0.0,-0.4044713,0.0,0.0,0.0,1.0]},"Armature_Bone_001":{"matrix":[-0.6892152,0.7245549,-0.001648717,1.981573,-0.2971731,-0.280602,0.9126613,2.79397E-9,0.6608105,0.62951,0.4087134,2.98023E-8,0.0,0.0,0.0,1.0]},"Armature_Bone_002":{"matrix":[-0.6710663,0.7413702,-0.006353363,2.199214,-0.2994622,-0.2632051,0.9170854,2.98023E-8,0.6782275,0.6173277,0.3986404,1.19209E-7,0.0,0.0,0.0,1.0]},"Armature_Bone_003":{"matrix":[-0.5590211,0.8287629,0.0254432,2.482282,-0.2604719,-0.2046616,0.9435401,2.38419E-7,0.7871783,0.5208317,0.3302797,-2.38419E-7,0.0,0.0,0.0,1.0]}},"interpolation":"LINEAR"},{"time":1.291667,"transformations":{"Armature_Bone":{"matrix":[0.0,0.9999483,-0.01016968,-1.047722,0.0,0.01016968,0.9999483,0.03127191,1.0,0.0,0.0,-0.3980866,0.0,0.0,0.0,1.0]},"Armature_Bone_001":{"matrix":[-0.6892152,0.7245549,-0.001648717,1.981573,-0.2971731,-0.280602,0.9126613,2.79397E-9,0.6608105,0.62951,0.4087134,0.0,0.0,0.0,0.0,1.0]},"Armature_Bone_002":{"matrix":[-0.6710663,0.7413702,-0.006353363,2.199215,-0.2994622,-0.2632051,0.9170854,-2.98023E-8,0.6782275,0.6173277,0.3986404,1.19209E-7,0.0,0.0,0.0,1.0]},"Armature_Bone_003":{"matrix":[-0.5590211,0.8287629,0.0254432,2.482281,-0.2604719,-0.2046616,0.9435401,0.0,0.7871783,0.5208317,0.3302797,0.0,0.0,0.0,0.0,1.0]}},"interpolation":"LINEAR"},{"time":1.333333,"transformations":{"Armature_Bone":{"matrix":[0.0,0.9999483,-0.01016968,-1.039047,0.0,0.01016968,0.9999483,0.03460373,1.0,0.0,0.0,-0.3912198,0.0,0.0,0.0,1.0]},"Armature_Bone_001":{"matrix":[-0.6892152,0.7245549,-0.001648717,1.981573,-0.2971731,-0.280602,0.9126613,-2.79397E-9,0.6608105,0.62951,0.4087134,2.98023E-8,0.0,0.0,0.0,1.0]},"Armature_Bone_002":{"matrix":[-0.6710663,0.7413702,-0.006353363,2.199215,-0.2994622,-0.2632051,0.9170854,2.98023E-8,0.6782275,0.6173277,0.3986404,1.19209E-7,0.0,0.0,0.0,1.0]},"Armature_Bone_003":{"matrix":[-0.5590211,0.8287629,0.0254432,2.482281,-0.2604719,-0.2046616,0.9435401,1.19209E-7,0.7871783,0.5208317,0.3302797,-2.38419E-7,0.0,0.0,0.0,1.0]}},"interpolation":"LINEAR"},{"time":1.375,"transformations":{"Armature_Bone":{"matrix":[0.0,0.9999483,-0.01016968,-1.02979,0.0,0.01016968,0.9999483,0.03815885,1.0,0.0,0.0,-0.3838927,0.0,0.0,0.0,1.0]},"Armature_Bone_001":{"matrix":[-0.6892152,0.7245549,-0.001648717,1.981573,-0.2971731,-0.280602,0.9126613,-4.65661E-9,0.6608105,0.62951,0.4087134,0.0,0.0,0.0,0.0,1.0]},"Armature_Bone_002":{"matrix":[-0.6710663,0.7413702,-0.006353363,2.199214,-0.2994622,-0.2632051,0.9170854,0.0,0.6782275,0.6173277,0.3986404,2.38419E-7,0.0,0.0,0.0,1.0]},"Armature_Bone_003":{"matrix":[-0.5590211,0.8287629,0.0254432,2.482281,-0.2604719,-0.2046616,0.9435401,2.38419E-7,0.7871783,0.5208317,0.3302797,-2.38419E-7,0.0,0.0,0.0,1.0]}},"interpolation":"LINEAR"},{"time":1.416667,"transformations":{"Armature_Bone":{"matrix":[0.0,0.9999483,-0.01016968,-1.019979,0.0,0.01016968,0.9999483,0.04192665,1.0,0.0,0.0,-0.3761274,0.0,0.0,0.0,1.0]},"Armature_Bone_001":{"matrix":[-0.6892152,0.7245549,-0.001648717,1.981573,-0.2971731,-0.280602,0.9126613,9.31323E-10,0.6608105,0.62951,0.4087134,0.0,0.0,0.0,0.0,1.0]},"Armature_Bone_002":{"matrix":[-0.6710663,0.7413702,-0.006353363,2.199215,-0.2994622,-0.2632051,0.9170854,2.98023E-8,0.6782275,0.6173277,0.3986404,0.0,0.0,0.0,0.0,1.0]},"Armature_Bone_003":{"matrix":[-0.5590211,0.8287629,0.0254432,2.482282,-0.2604719,-0.2046616,0.9435401,0.0,0.7871783,0.5208317,0.3302797,-2.38419E-7,0.0,0.0,0.0,1.0]}},"interpolation":"LINEAR"},{"time":1.458333,"transformations":{"Armature_Bone":{"matrix":[0.0,0.9999483,-0.01016968,-1.009642,0.0,0.01016968,0.9999483,0.04589647,1.0,0.0,0.0,-0.3679457,0.0,0.0,0.0,1.0]},"Armature_Bone_001":{"matrix":[-0.6892152,0.7245549,-0.001648717,1.981573,-0.2971731,-0.280602,0.9126613,1.86265E-9,0.6608105,0.62951,0.4087134,0.0,0.0,0.0,0.0,1.0]},"Armature_Bone_002":{"matrix":[-0.6710663,0.7413702,-0.006353363,2.199214,-0.2994622,-0.2632051,0.9170854,2.98023E-8,0.6782275,0.6173277,0.3986404,1.19209E-7,0.0,0.0,0.0,1.0]},"Armature_Bone_003":{"matrix":[-0.5590211,0.8287629,0.0254432,2.482281,-0.2604719,-0.2046616,0.9435401,0.0,0.7871783,0.5208317,0.3302797,-2.38419E-7,0.0,0.0,0.0,1.0]}},"interpolation":"LINEAR"},{"time":1.5,"transformations":{"Armature_Bone":{"matrix":[0.0,0.9999483,-0.01016968,-0.9988068,0.0,0.01016968,0.9999483,0.0500577,1.0,0.0,0.0,-0.3593694,0.0,0.0,0.0,1.0]},"Armature_Bone_001":{"matrix":[-0.6892152,0.7245549,-0.001648717,1.981573,-0.2971731,-0.280602,0.9126613,-2.79397E-9,0.6608105,0.62951,0.4087134,0.0,0.0,0.0,0.0,1.0]},"Armature_Bone_002":{"matrix":[-0.6710663,0.7413702,-0.006353363,2.199215,-0.2994622,-0.2632051,0.9170854,5.96046E-8,0.6782275,0.6173277,0.3986404,0.0,0.0,0.0,0.0,1.0]},"Armature_Bone_003":{"matrix":[-0.5590211,0.8287629,0.0254432,2.482281,-0.2604719,-0.2046616,0.9435401,0.0,0.7871783,0.5208317,0.3302797,0.0,0.0,0.0,0.0,1.0]}},"interpolation":"LINEAR"},{"time":1.541667,"transformations":{"Armature_Bone":{"matrix":[0.0,0.9999483,-0.01016968,-0.9875008,0.0,0.01016968,0.9999483,0.05439969,1.0,0.0,0.0,-0.3504206,0.0,0.0,0.0,1.0]},"Armature_Bone_001":{"matrix":[-0.6892152,0.7245549,-0.001648717,1.981573,-0.2971731,-0.280602,0.9126613,4.65661E-9,0.6608105,0.62951,0.4087134,0.0,0.0,0.0,0.0,1.0]},"Armature_Bone_002":{"matrix":[-0.6710663,0.7413702,-0.006353363,2.199215,-0.2994622,-0.2632051,0.9170854,2.98023E-8,0.6782275,0.6173277,0.3986404,0.0,0.0,0.0,0.0,1.0]},"Armature_Bone_003":{"matrix":[-0.5590211,0.8287629,0.0254432,2.482281,-0.2604719,-0.2046616,0.9435401,0.0,0.7871783,0.5208317,0.3302797,0.0,0.0,0.0,0.0,1.0]}},"interpolation":"LINEAR"},{"time":1.583333,"transformations":{"Armature_Bone":{"matrix":[0.0,0.9999483,-0.01016968,-0.9757519,0.0,0.01016968,0.9999483,0.05891183,1.0,0.0,0.0,-0.3411212,0.0,0.0,0.0,1.0]},"Armature_Bone_001