{"mesh":{"vertices":[{"position":{"x":-1.0,"y":1.0,"z":1.0},"color":{"r":1.0,"g":0.0,"b":0.0,"a":1.0},"normal":{"x":0.0,"y":0.0,"z":1.0},"influence":{"data":[]}},{"position":{"x":1.0,"y":-1.0,"z":1.0},"color":{"r":1.0,"g":0.0,"b":0.0,"a":1.0},"normal":{"x":0.0,"y":0.0,"z":1.0},"influence":{"data":[]}},{"position":{"x":1.0,"y":1.0,"z":1.0},"color":{"r":1.0,"g":0.0,"b":0.0,"a":1.0},"normal":{"x":0.0,"y":0.0,"z":1.0},"influence":{"data":[]}},{"position":{"x":1.0,"y":-1.0,"z":1.0},"color":{"r":1.0,"g":0.0,"b":0.0,"a":1.0},"normal":{"x":0.0,"y":-1.0,"z":0.0},"influence":{"data":[]}},{"position":{"x":-1.0,"y":-1.0,"z":-1.0},"color":{"r":1.0,"g":0.0,"b":0.0,"a":1.0},"normal":{"x":0.0,"y":-1.0,"z":0.0},"influence":{"data":[]}},{"position":{"x":1.0,"y":-1.0,"z":-1.0},"color":{"r":1.0,"g":0.0,"b":0.0,"a":1.0},"normal":{"x":0.0,"y":-1.0,"z":0.0},"influence":{"data":[]}},{"position":{"x":-1.0,"y":-1.0,"z":1.0},"color":{"r":1.0,"g":0.0,"b":0.0,"a":1.0},"normal":{"x":-1.0,"y":0.0,"z":0.0},"influence":{"data":[]}},{"position":{"x":-1.0,"y":1.0,"z":-1.0},"color":{"r":1.0,"g":0.0,"b":0.0,"a":1.0},"normal":{"x":-1.0,"y":0.0,"z":0.0},"influence":{"data":[]}},{"position":{"x":-1.0,"y":-1.0,"z":-1.0},"color":{"r":1.0,"g":0.0,"b":0.0,"a":1.0},"normal":{"x":-1.0,"y":0.0,"z":0.0},"influence":{"data":[]}},{"position":{"x":1.0,"y":1.0,"z":-1.0},"color":{"r":1.0,"g":0.0,"b":0.0,"a":1.0},"normal":{"x":0.0,"y":0.0,"z":-1.0},"influence":{"data":[]}},{"position":{"x":-1.0,"y":-1.0,"z":-1.0},"color":{"r":1.0,"g":0.0,"b":0.0,"a":1.0},"normal":{"x":0.0,"y":0.0,"z":-1.0},"influence":{"data":[]}},{"position":{"x":-1.0,"y":1.0,"z":-1.0},"color":{"r":1.0,"g":0.0,"b":0.0,"a":1.0},"normal":{"x":0.0,"y":0.0,"z":-1.0},"influence":{"data":[]}},{"position":{"x":1.0,"y":1.0,"z":1.0},"color":{"r":1.0,"g":0.0,"b":0.0,"a":1.0},"normal":{"x":1.0,"y":0.0,"z":0.0},"influence":{"data":[]}},{"position":{"x":1.0,"y":-1.0,"z":-1.0},"color":{"r":1.0,"g":0.0,"b":0.0,"a":1.0},"normal":{"x":1.0,"y":0.0,"z":0.0},"influence":{"data":[]}},{"position":{"x":1.0,"y":1.0,"z":-1.0},"color":{"r":1.0,"g":0.0,"b":0.0,"a":1.0},"normal":{"x":1.0,"y":0.0,"z":0.0},"influence":{"data":[]}},{"position":{"x":-1.0,"y":1.0,"z":1.0},"color":{"r":1.0,"g":0.0,"b":0.0,"a":1.0},"normal":{"x":0.0,"y":1.0,"z":0.0},"influence":{"data":[]}},{"position":{"x":1.0,"y":1.0,"z":-1.0},"color":{"r":1.0,"g":0.0,"b":0.0,"a":1.0},"normal":{"x":0.0,"y":1.0,"z":0.0},"influence":{"data":[]}},{"position":{"x":-1.0,"y":1.0,"z":-1.0},"color":{"r":1.0,"g":0.0,"b":0.0,"a":1.0},"normal":{"x":0.0,"y":1.0,"z":0.0},"influence":{"data":[]}},{"position":{"x":-1.0,"y":-1.0,"z":1.0},"color":{"r":1.0,"g":0.0,"b":0.0,"a":1.0},"normal":{"x":0.0,"y":0.0,"z":1.0},"influence":{"data":[]}},{"position":{"x":-1.0,"y":-1.0,"z":1.0},"color":{"r":1.0,"g":0.0,"b":0.0,"a":1.0},"normal":{"x":0.0,"y":-1.0,"z":0.0},"influence":{"data":[]}},{"position":{"x":-1.0,"y":1.0,"z":1.0},"color":{"r":1.0,"g":0.0,"b":0.0,"a":1.0},"normal":{"x":-1.0,"y":0.0,"z":0.0},"influence":{"data":[]}},{"position":{"x":1.0,"y":-1.0,"z":-1.0},"color":{"r":1.0,"g":0.0,"b":0.0,"a":1.0},"normal":{"x":0.0,"y":0.0,"z":-1.0},"influence":{"data":[]}},{"position":{"x":1.0,"y":-1.0,"z":1.0},"color":{"r":1.0,"g":0.0,"b":0.0,"a":1.0},"normal":{"x":1.0,"y":0.0,"z":0.0},"influence":{"data":[]}},{"position":{"x":1.0,"y":1.0,"z":1.0},"color":{"r":1.0,"g":0.0,"b":0.0,"a":1.0},"normal":{"x":0.0,"y":1.0,"z":0.0},"influence":{"data":[]}}],"verticesOrder":[0,1,2,3,4,5,6,7,8,9,10,11,12,13,14,15,16,17,0,18,1,3,19,4,6,20,7,9,21,10,12,22,13,15,23,16]},"armature":{"type":"collada.Armature","rootBone":{"id":"Armature_Bone","childs":[{"id":"Armature_Bone_001","childs":[{"id":"Armature_Bone_002","childs":[{"id":"Armature_Bone_003","childs":[{"id":"Armature_Bone_006","childs":[{"id":"Armature_Bone_007","childs":[{"id":"Armature_Bone_008","childs":[],"transformation":{"matrix":[-0.001076221,-0.9999995,0.0,0.0,0.9999995,-0.001076043,0.0,4.0,0.0,0.0,1.0,0.0,0.0,0.0,0.0,1.0]},"weights":[]}],"transformation":{"matrix":[0.001076043,-0.9999994,0.0,0.0,0.9999994,0.001075983,0.0,0.9956976,0.0,0.0,1.0,0.0,0.0,0.0,0.0,1.0]},"weights":[]}],"transformation":{"matrix":[1.0,0.0,0.0,0.0,0.0,1.0,0.0,0.9999999,0.0,0.0,1.0,0.0,0.0,0.0,0.0,1.0]},"weights":[]}],"transformation":{"matrix":[-0.4472142,-0.8944273,0.0,0.0,0.8944273,-0.4472136,0.0,2.236068,0.0,0.0,1.0,0.0,0.0,0.0,0.0,1.0]},"weights":[]}],"transformation":{"matrix":[0.3162277,0.9486834,0.0,5.96046E-8,-0.9486834,0.3162279,0.0,1.414213,0.0,0.0,1.0,0.0,0.0,0.0,0.0,1.0]},"weights":[]}],"transformation":{"matrix":[0.7071068,-0.7071068,0.0,0.0,0.7071068,0.7071068,0.0,1.0,0.0,0.0,1.0,0.0,0.0,0.0,0.0,1.0]},"weights":[]}],"transformation":{"matrix":[0.0,1.0,0.0,0.0,-1.0,0.0,0.0,0.0,0.0,0.0,1.0,0.0,0.0,0.0,0.0,1.0]},"weights":[]}},"animations":{"type":"collada.Animations","animations":[{"name":"action_container-Armature","boneId":"Armature_Bone","keyFrames":[{"time":0.04166662,"transformation":{"matrix":[0.0,1.0,0.0,0.0,-1.0,0.0,0.0,0.0,0.0,0.0,1.0,0.0,0.0,0.0,0.0,1.0]},"interpolation":"LINEAR"},{"time":0.08333331,"transformation":{"matrix":[0.0,1.0,0.0,0.0,-1.0,0.0,0.0,0.0,0.0,0.0,1.0,0.0,0.0,0.0,0.0,1.0]},"interpolation":"LINEAR"},{"time":0.125,"transformation":{"matrix":[0.0,1.0,0.0,0.0,-1.0,0.0,0.0,0.0,0.0,0.0,1.0,0.0,0.0,0.0,0.0,1.0]},"interpolation":"LINEAR"},{"time":0.1666666,"transformation":{"matrix":[0.0,1.0,0.0,0.0,-1.0,0.0,0.0,0.0,0.0,0.0,1.0,0.0,0.0,0.0,0.0,1.0]},"interpolation":"LINEAR"},{"time":0.2083333,"transformation":{"matrix":[0.0,1.0,0.0,0.0,-1.0,0.0,0.0,0.0,0.0,0.0,1.0,0.0,0.0,0.0,0.0,1.0]},"interpolation":"LINEAR"},{"time":0.25,"transformation":{"matrix":[0.0,1.0,0.0,0.0,-1.0,0.0,0.0,0.0,0.0,0.0,1.0,0.0,0.0,0.0,0.0,1.0]},"interpolation":"LINEAR"},{"time":0.2916666,"transformation":{"matrix":[0.0,1.0,0.0,0.0,-1.0,0.0,0.0,0.0,0.0,0.0,1.0,0.0,0.0,0.0,0.0,1.0]},"interpolation":"LINEAR"},{"time":0.3333333,"transformation":{"matrix":[0.0409019,0.9991632,0.0,0.0,-0.9991632,0.0409019,0.0,1.58839E-4,0.0,0.0,1.0,0.0,0.0,0.0,0.0,1.0]},"interpolation":"LINEAR"},{"time":0.375,"transformation":{"matrix":[0.1572825,0.9875537,0.0,0.0,-0.9875537,0.1572825,0.0,5.94367E-4,0.0,0.0,1.0,0.0,0.0,0.0,0.0,1.0]},"interpolation":"LINEAR"},{"time":0.4166666,"transformation":{"matrix":[0.3387691,0.9408695,0.0,0.0,-0.9408695,0.3387691,0.0,0.001245096,0.0,0.0,1.0,0.0,0.0,0.0,0.0,1.0]},"interpolation":"LINEAR"},{"time":0.4583333,"transformation":{"matrix":[0.5617679,0.8272949,0.0,0.0,-0.8272949,0.5617679,0.0,0.002049541,0.0,0.0,1.0,0.0,0.0,0.0,0.0,1.0]},"interpolation":"LINEAR"},{"time":0.5,"transformation":{"matrix":[0.77956,0.6263276,0.0,0.0,-0.6263276,0.77956,0.0,0.002946215,0.0,0.0,1.0,0.0,0.0,0.0,0.0,1.0]},"interpolation":"LINEAR"},{"time":0.5416667,"transformation":{"matrix":[0.9352267,0.3540497,0.0,0.0,-0.3540497,0.9352267,0.0,0.003873632,0.0,0.0,1.0,0.0,0.0,0.0,0.0,1.0]},"interpolation":"LINEAR"},{"time":0.5833333,"transformation":{"matrix":[0.9979233,0.06441189,0.0,0.0,-0.06441189,0.9979233,0.0,0.004770306,0.0,0.0,1.0,0.0,0.0,0.0,0.0,1.0]},"interpolation":"LINEAR"},{"time":0.625,"transformation":{"matrix":[0.9826671,-0.1853779,0.0,0.0,0.1853779,0.9826671,0.0,0.005574751,0.0,0.0,1.0,0.0,0.0,0.0,0.0,1.0]},"interpolation":"LINEAR"},{"time":0.6666667,"transformation":{"matrix":[0.9308271,-0.3654595,0.0,0.0,0.3654595,0.9308271,0.0,0.00622548,0.0,0.0,1.0,0.0,0.0,0.0,0.0,1.0]},"interpolation":"LINEAR"},{"time":0.7083333,"transformation":{"matrix":[0.8817902,-0.4716419,0.0,0.0,0.4716419,0.8817902,0.0,0.006661008,0.0,0.0,1.0,0.0,0.0,0.0,0.0,1.0]},"interpolation":"LINEAR"},{"time":0.75,"transformation":{"matrix":[0.8617614,-0.507314,0.0,0.0,0.507314,0.8617614,0.0,0.006819847,0.0,0.0,1.0,0.0,0.0,0.0,0.0,1.0]},"interpolation":"LINEAR"},{"time":0.7916667,"transformation":{"matrix":[0.8617614,-0.507314,0.0,0.0,0.507314,0.8617614,0.0,0.006819847,0.0,0.0,1.0,0.0,0.0,0.0,0.0,1.0]},"interpolation":"LINEAR"},{"time":0.8333333,"transformation":{"matrix":[0.8617614,-0.507314,0.0,0.0,0.507314,0.8617614,0.0,0.006819847,0.0,0.0,1.0,0.0,0.0,0.0,0.0,1.0]},"interpolation":"LINEAR"},{"time":0.875,"transformation":{"matrix":[0.8617614,-0.507314,0.0,0.0,0.507314,0.8617614,0.0,0.006819847,0.0,0.0,1.0,0.0,0.0,0.0,0.0,1.0]},"interpolation":"LINEAR"},{"time":0.9166667,"transformation":{"matrix":[0.8617614,-0.507314,0.0,0.0,0.507314,0.8617614,0.0,0.006819847,0.0,0.0,1.0,0.0,0.0,0.0,0.0,1.0]},"interpolation":"LINEAR"},{"time":0.9583333,"transformation":{"matrix":[0.8617614,-0.507314,0.0,0.0,0.507314,0.8617614,0.0,0.006819847,0.0,0.0,1.0,0.0,0.0,0.0,0.0,1.0]},"interpolation":"LINEAR"},{"time":1.0,"transformation":{"matrix":[0.8617614,-0.507314,0.0,0.0,0.507314,0.8617614,0.0,0.006819847,0.0,0.0,1.0,0.0,0.0,0.0,0.0,1.0]},"interpolation":"LINEAR"},{"time":0.04166662,"transformation":{"matrix":[0.0,1.0,0.0,0.0,-1.0,0.0,0.0,0.0,0.0,0.0,1.0,0.0,0.0,0.0,0.0,1.0]},"interpolation":"LINEAR"},{"time":0.08333331,"transformation":{"matrix":[0.0,1.0,0.0,0.0,-1.0,0.0,0.0,0.0,0.0,0.0,1.0,0.0,0.0,0.0,0.0,1.0]},"interpolation":"LINEAR"},{"time":0.125,"transformation":{"matrix":[0.0,1.0,0.0,0.0,-1.0,0.0,0.0,0.0,0.0,0.0,1.0,0.0,0.0,0.0,0.0,1.0]},"interpolation":"LINEAR"},{"time":0.1666666,"transformation":{"matrix":[0.0,1.0,0.0,0.0,-1.0,0.0,0.0,0.0,0.0,0.0,1.0,0.0,0.0,0.0,0.0,1.0]},"interpolation":"LINEAR"},{"time":0.2083333,"transformation":{"matrix":[0.0,1.0,0.0,0.0,-1.0,0.0,0.0,0.0,0.0,0.0,1.0,0.0,0.0,0.0,0.0,1.0]},"interpolation":"LINEAR"},{"time":0.25,"transformation":{"matrix":[0.0,1.0,0.0,0.0,-1.0,0.0,0.0,0.0,0.0,0.0,1.0,0.0,0.0,0.0,0.0,1.0]},"interpolation":"LINEAR"},{"time":0.2916666,"transformation":{"matrix":[0.0,1.0,0.0,0.0,-1.0,0.0,0.0,0.0,0.0,0.0,1.0,0.0,0.0,0.0,0.0,1.0]},"interpolation":"LINEAR"},{"time":0.3333333,"transformation":{"matrix":[0.0409019,0.9991632,0.0,0.0,-0.9991632,0.0409019,0.0,1.58839E-4,0.0,0.0,1.0,0.0,0.0,0.0,0.0,1.0]},"interpolation":"LINEAR"},{"time":0.375,"transformation":{"matrix":[0.1572825,0.9875537,0.0,0.0,-0.9875537,0.1572825,0.0,5.94367E-4,0.0,0.0,1.0,0.0,0.0,0.0,0.0,1.0]},"interpolation":"LINEAR"},{"time":0.4166666,"transformation":{"matrix":[0.3387691,0.9408695,0.0,0.0,-0.9408695,0.3387691,0.0,0.001245096,0.0,0.0,1.0,0.0,0.0,0.0,0.0,1.0]},"interpolation":"LINEAR"},{"time":0.4583333,"transformation":{"matrix":[0.5617679,0.8272949,0.0,0.0,-0.8272949,0.5617679,0.0,0.002049541,0.0,0.0,1.0,0.0,0.0,0.0,0.0,1.0]},"interpolation":"LINEAR"},{"time":0.5,"transformation":{"matrix":[0.77956,0.6263276,0.0,0.0,-0.6263276,0.77956,0.0,0.002946215,0.0,0.0,1.0,0.0,0.0,0.0,0.0,1.0]},"interpolation":"LINEAR"},{"time":0.5416667,"transformation":{"matrix":[0.9352267,0.3540497,0.0,0.0,-0.3540497,0.9352267,0.0,0.003873632,0.0,0.0,1.0,0.0,0.0,0.0,0.0,1.0]},"interpolation":"LINEAR"},{"time":0.5833333,"transformation":{"matrix":[0.9979233,0.06441189,0.0,0.0,-0.06441189,0.9979233,0.0,0.004770306,0.0,0.0,1.0,0.0,0.0,0.0,0.0,1.0]},"interpolation":"LINEAR"},{"time":0.625,"transformation":{"matrix":[0.9826671,-0.1853779,0.0,0.0,0.1853779,0.9826671,0.0,0.005574751,0.0,0.0,1.0,0.0,0.0,0.0,0.0,1.0]},"interpolation":"LINEAR"},{"time":0.6666667,"transformation":{"matrix":[0.9308271,-0.3654595,0.0,0.0,0.3654595,0.9308271,0.0,0.00622548,0.0,0.0,1.0,0.0,0.0,0.0,0.0,1.0]},"interpolation":"LINEAR"},{"time":0.7083333,"transformation":{"matrix":[0.8817902,-0.4716419,0.0,0.0,0.4716419,0.8817902,0.0,0.006661008,0.0,0.0,1.0,0.0,0.0,0.0,0.0,1.0]},"interpolation":"LINEAR"},{"time":0.75,"transformation":{"matrix":[0.8617614,-0.507314,0.0,0.0,0.507314,0.8617614,0.0,0.006819847,0.0,0.0,1.0,0.0,0.0,0.0,0.0,1.0]},"interpolation":"LINEAR"},{"time":0.7916667,"transformation":{"matrix":[0.8617614,-0.507314,0.0,0.0,0.507314,0.8617614,0.0,0.006819847,0.0,0.0,1.0,0.0,0.0,0.0,0.0,1.0]},"interpolation":"LINEAR"},{"time":0.8333333,"transformation":{"matrix":[0.8617614,-0.507314,0.0,0.0,0.507314,0.8617614,0.0,0.006819847,0.0,0.0,1.0,0.0,0.0,0.0,0.0,1.0]},"interpolation":"LINEAR"},{"time":0.875,"transformation":{"matrix":[0.8617614,-0.507314,0.0,0.0,0.507314,0.8617614,0.0,0.006819847,0.0,0.0,1.0,0.0,0.0,0.0,0.0,1.0]},"interpolation":"LINEAR"},{"time":0.9166667,"transformation":{"matrix":[0.8617614,-0.507314,0.0,0.0,0.507314,0.8617614,0.0,0.006819847,0.0,0.0,1.0,0.0,0.0,0.0,0.0,1.0]},"interpolation":"LINEAR"},{"time":0.9583333,"transformation":{"matrix":[0.8617614,-0.507314,0.0,0.0,0.507314,0.8617614,0.0,0.006819847,0.0,0.0,1.0,0.0,0.0,0.0,0.0,1.0]},"interpolation":"LINEAR"},{"time":1.0,"transformation":{"matrix":[0.8617614,-0.507314,0.0,0.0,0.507314,0.8617614,0.0,0.006819847,0.0,0.0,1.0,0.0,0.0,0.0,0.0,1.0]},"interpolation":"LINEAR"},{"time":0.04166662,"transformation":{"matrix":[0.0,1.0,0.0,0.0,-1.0,0.0,0.0,0.0,0.0,0.0,1.0,0.0,0.0,0.0,0.0,1.0]},"interpolation":"LINEAR"},{"time":0.08333331,"transformation":{"matrix":[0.0,1.0,0.0,0.0,-1.0,0.0,0.0,0.0,0.0,0.0,1.0,0.0,0.0,0.0,0.0,1.0]},"interpolation":"LINEAR"},{"time":0.125,"transformation":{"matrix":[0.0,1.0,0.0,0.0,-1.0,0.0,0.0,0.0,0.0,0.0,1.0,0.0,0.0,0.0,0.0,1.0]},"interpolation":"LINEAR"},{"time":0.1666666,"transformation":{"matrix":[0.0,1.0,0.0,0.0,-1.0,0.0,0.0,0.0,0.0,0.0,1.0,0.0,0.0,0.0,0.0,1.0]},"interpolation":"LINEAR"},{"time":0.2083333,"transformation":{"matrix":[0.0,1.0,0.0,0.0,-1.0,0.0,0.0,0.0,0.0,0.0,1.0,0.0,0.0,0.0,0.0,1.0]},"interpolation":"LINEAR"},{"time":0.25,"transformation":{"matrix":[0.0,1.0,0.0,0.0,-1.0,0.0,0.0,0.0,0.0,0.0,1.0,0.0,0.0,0.0,0.0,1.0]},"interpolation":"LINEAR"},{"time":0.2916666,"transformation":{"matrix":[0.0,1.0,0.0,0.0,-1.0,0.0,0.0,0.0,0.0,0.0,1.0,0.0,0.0,0.0,0.0,1.0]},"interpolation":"LINEAR"},{"time":0.3333333,"transformation":{"matrix":[0.0409019,0.9991632,0.0,0.0,-0.9991632,0.0409019,0.0,1.58839E-4,0.0,0.0,1.0,0.0,0.0,0.0,0.0,1.0]},"interpolation":"LINEAR"},{"time":0.375,"transformation":{"matrix":[0.1572825,0.9875537,0.0,0.0,-0.9875537,0.1572825,0.0,5.94367E-4,0.0,0.0,1.0,0.0,0.0,0.0,0.0,1.0]},"interpolation":"LINEAR"},{"time":0.4166666,"transformation":{"matrix":[0.3387691,0.9408695,0.0,0.0,-0.9408695,0.3387691,0.0,0.001245096,0.0,0.0,1.0,0.0,0.0,0.0,0.0,1.0]},"interpolation":"LINEAR"},{"time":0.4583333,"transformation":{"matrix":[0.5617679,0.8272949,0.0,0.0,-0.8272949,0.5617679,0.0,0.002049541,0.0,0.0,1.0,0.0,0.0,0.0,0.0,1.0]},"interpolation":"LINEAR"},{"time":0.5,"transformation":{"matrix":[0.77956,0.6263276,0.0,0.0,-0.6263276,0.77956,0.0,0.002946215,0.0,0.0,1.0,0.0,0.0,0.0,0.0,1.0]},"interpolation":"LINEAR"},{"time":0.5416667,"transformation":{"matrix":[0.9352267,0.3540497,0.0,0.0,-0.3540497,0.9352267,0.0,0.003873632,0.0,0.0,1.0,0.0,0.0,0.0,0.0,1.0]},"interpolation":"LINEAR"},{"time":0.5833333,"transformation":{"matrix":[0.9979233,0.06441189,0.0,0.0,-0.06441189,0.9979233,0.0,0.004770306,0.0,0.0,1.0,0.0,0.0,0.0,0.0,1.0]},"interpolation":"LINEAR"},{"time":0.625,"transformation":{"matrix":[0.9826671,-0.1853779,0.0,0.0,0.1853779,0.9826671,0.0,0.005574751,0.0,0.0,1.0,0.0,0.0,0.0,0.0,1.0]},"interpolation":"LINEAR"},{"time":0.6666667,"transformation":{"matrix":[0.9308271,-0.3654595,0.0,0.0,0.3654595,0.9308271,0.0,0.00622548,0.0,0.0,1.0,0.0,0.0,0.0,0.0,1.0]},"interpolation":"LINEAR"},{"time":0.7083333,"transformation":{"matrix":[0.8817902,-0.4716419,0.0,0.0,0.4716419,0.8817902,0.0,0.006661008,0.0,0.0,1.0,0.0,0.0,0.0,0.0,1.0]},"interpolation":"LINEAR"},{"time":0.75,"transformation":{"matrix":[0.8617614,-0.507314,0.0,0.0,0.507314,0.8617614,0.0,0.006819847,0.0,0.0,1.0,0.0,0.0,0.0,0.0,1.0]},"interpolation":"LINEAR"},{"time":0.7916667,"transformation":{"matrix":[0.8617614,-0.507314,0.0,0.0,0.507314,0.8617614,0.0,0.006819847,0.0,0.0,1.0,0.0,0.0,0.0,0.0,1.0]},"interpolation":"LINEAR"},{"time":0.8333333,"transformation":{"matrix":[0.8617614,-0.507314,0.0,0.0,0.507314,0.8617614,0.0,0.006819847,0.0,0.0,1.0,0.0,0.0,0.0,0.0,1.0]},"interpolation":"LINEAR"},{"time":0.875,"transformation":{"matrix":[0.8617614,-0.507314,0.0,0.0,0.507314,0.8617614,0.0,0.006819847,0.0,0.0,1.0,0.0,0.0,0.0,0.0,1.0]},"interpolation":"LINEAR"},{"time":0.9166667,"transformation":{"matrix":[0.8617614,-0.507314,0.0,0.0,0.507314,0.8617614,0.0,0.006819847,0.0,0.0,1.0,0.0,0.0,0.0,0.0,1.0]},"interpolation":"LINEAR"},{"time":0.9583333,"transformation":{"matrix":[0.8617614,-0.507314,0.0,0.0,0.507314,0.8617614,0.0,0.006819847,0.0,0.0,1.0,0.0,0.0,0.0,0.0,1.0]},"interpolation":"LINEAR"},{"time":1.0,"transformation":{"matrix":[0.8617614,-0.507314,0.0,0.0,0.507314,0.8617614,0.0,0.006819847,0.0,0.0,1.0,0.0,0.0,0.0,0.0,1.0]},"interpolation":"LINEAR"}]}]}}