{"mesh":{"vertices":[{"position":{"x":-1.0,"y":1.0,"z":1.0},"color":{"r":1.0,"g":0.0,"b":0.0,"a":1.0},"normal":{"x":0.0,"y":0.0,"z":1.0},"influence":{"data":[]}},{"position":{"x":1.0,"y":-1.0,"z":1.0},"color":{"r":1.0,"g":0.0,"b":0.0,"a":1.0},"normal":{"x":0.0,"y":0.0,"z":1.0},"influence":{"data":[]}},{"position":{"x":1.0,"y":1.0,"z":1.0},"color":{"r":1.0,"g":0.0,"b":0.0,"a":1.0},"normal":{"x":0.0,"y":0.0,"z":1.0},"influence":{"data":[]}},{"position":{"x":1.0,"y":-1.0,"z":1.0},"color":{"r":1.0,"g":0.0,"b":0.0,"a":1.0},"normal":{"x":0.0,"y":-1.0,"z":0.0},"influence":{"data":[]}},{"position":{"x":-1.0,"y":-1.0,"z":-1.0},"color":{"r":1.0,"g":0.0,"b":0.0,"a":1.0},"normal":{"x":0.0,"y":-1.0,"z":0.0},"influence":{"data":[]}},{"position":{"x":1.0,"y":-1.0,"z":-1.0},"color":{"r":1.0,"g":0.0,"b":0.0,"a":1.0},"normal":{"x":0.0,"y":-1.0,"z":0.0},"influence":{"data":[]}},{"position":{"x":-1.0,"y":-1.0,"z":1.0},"color":{"r":1.0,"g":0.0,"b":0.0,"a":1.0},"normal":{"x":-1.0,"y":0.0,"z":0.0},"influence":{"data":[]}},{"position":{"x":-1.0,"y":1.0,"z":-1.0},"color":{"r":1.0,"g":0.0,"b":0.0,"a":1.0},"normal":{"x":-1.0,"y":0.0,"z":0.0},"influence":{"data":[]}},{"position":{"x":-1.0,"y":-1.0,"z":-1.0},"color":{"r":1.0,"g":0.0,"b":0.0,"a":1.0},"normal":{"x":-1.0,"y":0.0,"z":0.0},"influence":{"data":[]}},{"position":{"x":1.0,"y":1.0,"z":-1.0},"color":{"r":1.0,"g":0.0,"b":0.0,"a":1.0},"normal":{"x":0.0,"y":0.0,"z":-1.0},"influence":{"data":[]}},{"position":{"x":-1.0,"y":-1.0,"z":-1.0},"color":{"r":1.0,"g":0.0,"b":0.0,"a":1.0},"normal":{"x":0.0,"y":0.0,"z":-1.0},"influence":{"data":[]}},{"position":{"x":-1.0,"y":1.0,"z":-1.0},"color":{"r":1.0,"g":0.0,"b":0.0,"a":1.0},"normal":{"x":0.0,"y":0.0,"z":-1.0},"influence":{"data":[]}},{"position":{"x":1.0,"y":1.0,"z":1.0},"color":{"r":1.0,"g":0.0,"b":0.0,"a":1.0},"normal":{"x":1.0,"y":0.0,"z":0.0},"influence":{"data":[]}},{"position":{"x":1.0,"y":-1.0,"z":-1.0},"color":{"r":1.0,"g":0.0,"b":0.0,"a":1.0},"normal":{"x":1.0,"y":0.0,"z":0.0},"influence":{"data":[]}},{"position":{"x":1.0,"y":1.0,"z":-1.0},"color":{"r":1.0,"g":0.0,"b":0.0,"a":1.0},"normal":{"x":1.0,"y":0.0,"z":0.0},"influence":{"data":[]}},{"position":{"x":-1.0,"y":1.0,"z":1.0},"color":{"r":1.0,"g":0.0,"b":0.0,"a":1.0},"normal":{"x":0.0,"y":1.0,"z":0.0},"influence":{"data":[]}},{"position":{"x":1.0,"y":1.0,"z":-1.0},"color":{"r":1.0,"g":0.0,"b":0.0,"a":1.0},"normal":{"x":0.0,"y":1.0,"z":0.0},"influence":{"data":[]}},{"position":{"x":-1.0,"y":1.0,"z":-1.0},"color":{"r":1.0,"g":0.0,"b":0.0,"a":1.0},"normal":{"x":0.0,"y":1.0,"z":0.0},"influence":{"data":[]}},{"position":{"x":-1.0,"y":-1.0,"z":1.0},"color":{"r":1.0,"g":0.0,"b":0.0,"a":1.0},"normal":{"x":0.0,"y":0.0,"z":1.0},"influence":{"data":[]}},{"position":{"x":-1.0,"y":-1.0,"z":1.0},"color":{"r":1.0,"g":0.0,"b":0.0,"a":1.0},"normal":{"x":0.0,"y":-1.0,"z":0.0},"influence":{"data":[]}},{"position":{"x":-1.0,"y":1.0,"z":1.0},"color":{"r":1.0,"g":0.0,"b":0.0,"a":1.0},"normal":{"x":-1.0,"y":0.0,"z":0.0},"influence":{"data":[]}},{"position":{"x":1.0,"y":-1.0,"z":-1.0},"color":{"r":1.0,"g":0.0,"b":0.0,"a":1.0},"normal":{"x":0.0,"y":0.0,"z":-1.0},"influence":{"data":[]}},{"position":{"x":1.0,"y":-1.0,"z":1.0},"color":{"r":1.0,"g":0.0,"b":0.0,"a":1.0},"normal":{"x":1.0,"y":0.0,"z":0.0},"influence":{"data":[]}},{"position":{"x":1.0,"y":1.0,"z":1.0},"color":{"r":1.0,"g":0.0,"b":0.0,"a":1.0},"normal":{"x":0.0,"y":1.0,"z":0.0},"influence":{"data":[]}}],"verticesOrder":[0,1,2,3,4,5,6,7,8,9,10,11,12,13,14,15,16,17,0,18,1,3,19,4,6,20,7,9,21,10,12,22,13,15,23,16]},"armature":{"type":"collada.Armature","rootBone":{"id":"Armature_Bone","childs":[],"transformation":{"matrix":[1.0,0.0,0.0,0.0,0.0,0.0,-1.0,0.0,0.0,1.0,0.0,0.0,0.0,0.0,0.0,1.0]},"weights":[],"inverseBindPose":{"matrix":[1.0,0.0,0.0,0.0,0.0,1.0,0.0,0.0,0.0,0.0,1.0,0.0,0.0,0.0,0.0,1.0]}}},"animations":{"type":"collada.Animations","animations":[{"name":"action_container-Armature","keyFrames":[{"time":0.04166662,"transformations":{"Armature_Bone":{"matrix":[1.0,0.0,0.0,0.0,0.0,0.9999999,5.99721E-4,0.0,0.0,-5.99721E-4,0.9999999,0.0,0.0,0.0,0.0,1.0]}},"interpolation":"LINEAR"},{"time":0.08333331,"transformations":{"Armature_Bone":{"matrix":[1.0,0.0,0.0,0.0,0.0,0.9994755,-0.03238268,0.0,0.0,0.03238268,0.9994755,0.0,0.0,0.0,0.0,1.0]}},"interpolation":"LINEAR"},{"time":0.125,"transformations":{"Armature_Bone":{"matrix":[1.0,0.0,0.0,0.0,0.0,0.9922723,-0.1240803,0.0,0.0,0.1240803,0.9922723,0.0,0.0,0.0,0.0,1.0]}},"interpolation":"LINEAR"},{"time":0.1666666,"transformations":{"Armature_Bone":{"matrix":[1.0,0.0,0.0,0.0,0.0,0.9649354,-0.2624876,0.0,0.0,0.2624876,0.9649354,0.0,0.0,0.0,0.0,1.0]}},"interpolation":"LINEAR"},{"time":0.2083333,"transformations":{"Armature_Bone":{"matrix":[1.0,0.0,0.0,0.0,0.0,0.9021751,-0.4313699,0.0,0.0,0.4313699,0.9021751,0.0,0.0,0.0,0.0,1.0]}},"interpolation":"LINEAR"},{"time":0.25,"transformations":{"Armature_Bone":{"matrix":[1.0,0.0,0.0,0.0,0.0,0.7931272,-0.6090562,0.0,0.0,0.6090562,0.7931272,0.0,0.0,0.0,0.0,1.0]}},"interpolation":"LINEAR"},{"time":0.2916666,"transformations":{"Armature_Bone":{"matrix":[1.0,0.0,0.0,0.0,0.0,0.6363981,-0.7713608,0.0,0.0,0.7713608,0.6363981,0.0,0.0,0.0,0.0,1.0]}},"interpolation":"LINEAR"},{"time":0.3333333,"transformations":{"Armature_Bone":{"matrix":[1.0,0.0,0.0,0.0,0.0,0.4410709,-0.8974723,0.0,0.0,0.8974723,0.4410709,0.0,0.0,0.0,0.0,1.0]}},"interpolation":"LINEAR"},{"time":0.375,"transformations":{"Armature_Bone":{"matrix":[1.0,0.0,0.0,0.0,0.0,0.2227848,-0.9748676,0.0,0.0,0.9748676,0.2227848,0.0,0.0,0.0,0.0,1.0]}},"interpolation":"LINEAR"},{"time":0.4166666,"transformations":{"Armature_Bone":{"matrix":[1.0,2.22579E-16,2.22177E-16,0.0,2.22712E-16,-0.002407907,-0.9999971,0.0,0.0,0.9999971,-0.002407907,0.0,0.0,0.0,0.0,1.0]}},"interpolation":"LINEAR"},{"time":0.4583333,"transformations":{"Armature_Bone":{"matrix":[1.0,2.46266E-16,0.0,0.0,2.46384E-16,-0.2224148,-0.9749522,0.0,0.0,0.9749522,-0.2224148,0.0,0.0,0.0,0.0,1.0]}},"interpolation":"LINEAR"},{"time":0.5,"transformations":{"Armature_Bone":{"matrix":[1.0,2.67264E-16,0.0,0.0,2.67365E-16,-0.4276504,-0.9039442,0.0,0.0,0.9039442,-0.4276504,0.0,0.0,0.0,0.0,1.0]}},"interpolation":"LINEAR"},{"time":0.5416667,"transformations":{"Armature_Bone":{"matrix":[1.0,2.84893E-16,0.0,0.0,2.84978E-16,-0.6083203,-0.7936916,0.0,0.0,0.7936916,-0.6083203,0.0,0.0,0.0,0.0,1.0]}},"interpolation":"LINEAR"},{"time":0.5833333,"transformations":{"Armature_Bone":{"matrix":[1.0,2.98487E-16,0.0,0.0,2.98554E-16,-0.7558854,-0.654704,0.0,0.0,0.654704,-0.7558854,0.0,0.0,0.0,0.0,1.0]}},"interpolation":"LINEAR"},{"time":0.625,"transformations":{"Armature_Bone":{"matrix":[1.0,3.0775E-16,0.0,0.0,3.078E-16,-0.8654359,-0.5010197,0.0,0.0,0.5010197,-0.8654359,0.0,0.0,0.0,0.0,1.0]}},"interpolation":"LINEAR"},{"time":0.6666667,"transformations":{"Armature_Bone":{"matrix":[1.0,3.1298E-16,0.0,0.0,3.13014E-16,-0.9373581,-0.3483674,0.0,0.0,0.3483674,-0.9373581,0.0,0.0,0.0,0.0,1.0]}},"interpolation":"LINEAR"},{"time":0.7083333,"transformations":{"Armature_Bone":{"matrix":[1.0,3.15058E-16,0.0,0.0,3.15078E-16,-0.9773359,-0.2116939,0.0,0.0,0.2116939,-0.9773359,0.0,0.0,0.0,0.0,1.0]}},"interpolation":"LINEAR"},{"time":0.75,"transformations":{"Armature_Bone":{"matrix":[1.0,3.15223E-16,0.0,0.0,3.15233E-16,-0.9946433,-0.1033673,0.0,0.0,0.1033673,-0.9946433,0.0,0.0,0.0,0.0,1.0]}},"interpolation":"LINEAR"},{"time":0.7916667,"transformations":{"Armature_Bone":{"matrix":[1.0,3.14734E-16,0.0,0.0,3.14737E-16,-0.9994601,-0.03285725,0.0,0.0,0.03285725,-0.9994601,0.0,0.0,0.0,0.0,1.0]}},"interpolation":"LINEAR"},{"time":0.8333333,"transformations":{"Armature_Bone":{"matrix":[1.0,4.44083E-16,0.0,0.0,4.44084E-16,-0.99997,-0.007768064,0.0,0.0,0.007768064,-0.99997,0.0,0.0,0.0,0.0,1.0]}},"interpolation":"LINEAR"},{"time":0.875,"transformations":{"Armature_Bone":{"matrix":[1.0,4.44083E-16,0.0,0.0,4.44084E-16,-0.99997,-0.007768064,0.0,0.0,0.007768064,-0.99997,0.02821453,0.0,0.0,0.0,1.0]}},"interpolation":"LINEAR"},{"time":0.9166667,"transformations":{"Armature_Bone":{"matrix":[1.0,4.44083E-16,0.0,0.0,4.44084E-16,-0.99997,-0.007768064,0.0,0.0,0.007768064,-0.99997,0.1047969,0.0,0.0,0.0,1.0]}},"interpolation":"LINEAR"},{"time":0.9583333,"transformations":{"Armature_Bone":{"matrix":[1.0,4.44083E-16,0.0,0.0,4.44084E-16,-0.99997,-0.007768064,0.0,0.0,0.007768064,-0.99997,0.217655,0.0,0.0,0.0,1.0]}},"interpolation":"LINEAR"},{"time":1.0,"transformations":{"Armature_Bone":{"matrix":[1.0,4.44083E-16,0.0,0.0,4.44084E-16,-0.99997,-0.007768064,0.0,0.0,0.007768064,-0.99997,0.3546971,0.0,0.0,0.0,1.0]}},"interpolation":"LINEAR"},{"time":1.041667,"transformations":{"Armature_Bone":{"matrix":[1.0,4.44083E-16,0.0,0.0,4.44084E-16,-0.99997,-0.007768064,0.0,0.0,0.007768064,-0.99997,0.5038311,0.0,0.0,0.0,1.0]}},"interpolation":"LINEAR"},{"time":1.083333,"transformations":{"Armature_Bone":{"matrix":[1.0,4.44083E-16,0.0,0.0,4.44084E-16,-0.99997,-0.007768064,0.0,0.0,0.007768064,-0.99997,0.6529652,0.0,0.0,0.0,1.0]}},"interpolation":"LINEAR"},{"time":1.125,"transformations":{"Armature_Bone":{"matrix":[1.0,4.44083E-16,0.0,0.0,4.44084E-16,-0.99997,-0.007768064,0.0,0.0,0.007768064,-0.99997,0.7900072,0.0,0.0,0.0,1.0]}},"interpolation":"LINEAR"},{"time":1.166667,"transformations":{"Armature_Bone":{"matrix":[1.0,4.44083E-16,0.0,0.0,4.44084E-16,-0.99997,-0.007768064,0.0,0.0,0.007768064,-0.99997,0.9028654,0.0,0.0,0.0,1.0]}},"interpolation":"LINEAR"},{"time":1.208333,"transformations":{"Armature_Bone":{"matrix":[1.0,4.44083E-16,0.0,0.0,4.44084E-16,-0.99997,-0.007768064,0.0,0.0,0.007768064,-0.99997,0.9794478,0.0,0.0,0.0,1.0]}},"interpolation":"LINEAR"},{"time":1.25,"transformations":{"Armature_Bone":{"matrix":[1.0,4.44083E-16,0.0,2.23746E-16,4.44084E-16,-0.99997,-0.007768064,0.0,0.0,0.007768064,-0.99997,1.007662,0.0,0.0,0.0,1.0]}},"interpolation":"LINEAR"},{"time":1.291667,"transformations":{"Armature_Bone":{"matrix":[1.0,4.44083E-16,0.0,2.23746E-16,4.44084E-16,-0.99997,-0.007768064,0.02769206,0.0,0.007768064,-0.99997,1.007662,0.0,0.0,0.0,1.0]}},"interpolation":"LINEAR"},{"time":1.333333,"transformations":{"Armature_Bone":{"matrix":[1.0,4.44083E-16,0.0,2.23746E-16,4.44084E-16,-0.99997,-0.007768064,0.1028562,0.0,0.007768064,-0.99997,1.007662,0.0,0.0,0.0,1.0]}},"interpolation":"LINEAR"},{"time":1.375,"transformations":{"Armature_Bone":{"matrix":[1.0,4.44083E-16,0.0,2.23746E-16,4.44084E-16,-0.99997,-0.007768064,0.2136244,0.0,0.007768064,-0.99997,1.007662,0.0,0.0,0.0,1.0]}},"interpolation":"LINEAR"},{"time":1.416667,"transformations":{"Armature_Bone":{"matrix":[1.0,4.44083E-16,0.0,2.23746E-16,4.44084E-16,-0.99997,-0.007768064,0.3481287,0.0,0.007768064,-0.99997,1.007662,0.0,0.0,0.0,1.0]}},"interpolation":"LINEAR"},{"time":1.458333,"transformations":{"Armature_Bone":{"matrix":[1.0,4.44083E-16,0.0,2.23746E-16,4.44084E-16,-0.99997,-0.007768064,0.4945009,0.0,0.007768064,-0.99997,1.007662,0.0,0.0,0.0,1.0]}},"interpolation":"LINEAR"},{"time":1.5,"transformations":{"Armature_Bone":{"matrix":[1.0,4.44083E-16,0.0,2.23746E-16,4.44084E-16,-0.99997,-0.007768064,0.6408731,0.0,0.007768064,-0.99997,1.007662,0.0,0.0,0.0,1.0]}},"interpolation":"LINEAR"},{"time":1.541667,"transformations":{"Armature_Bone":{"matrix":[1.0,4.44083E-16,0.0,2.23746E-16,4.44084E-16,-0.99997,-0.007768064,0.7753773,0.0,0.007768064,-0.99997,1.007662,0.0,0.0,0.0,1.0]}},"interpolation":"LINEAR"},{"time":1.583333,"transformations":{"Armature_Bone":{"matrix":[1.0,4.44083E-16,0.0,2.23746E-16,4.44084E-16,-0.99997,-0.007768064,0.8861456,0.0,0.007768064,-0.99997,1.007662,0.0,0.0,0.0,1.0]}},"interpolation":"LINEAR"},{"time":1.625,"transformations":{"Armature_Bone":{"matrix":[1.0,4.44083E-16,0.0,2.23746E-16,4.44084E-16,-0.99997,-0.007768064,0.9613098,0.0,0.007768064,-0.99997,1.007662,0.0,0.0,0.0,1.0]}},"interpolation":"LINEAR"},{"time":1.666667,"transformations":{"Armature_Bone":{"matrix":[1.0,4.44083E-16,0.0,2.23746E-16,4.44084E-16,-0.99997,-0.007768064,0.9890018,0.0,0.007768064,-0.99997,1.007662,0.0,0.0,0.0,1.0]}},"interpolation":"LINEAR"},{"time":1.708333,"transformations":{"Armature_Bone":{"matrix":[1.0,4.44083E-16,0.0,2.23746E-16,4.44084E-16,-0.99997,-0.007768064,0.9890018,0.0,0.007768064,-0.99997,0.9794478,0.0,0.0,0.0,1.0]}},"interpolation":"LINEAR"},{"time":1.75,"transformations":{"Armature_Bone":{"matrix":[1.0,4.44083E-16,0.0,2.23746E-16,4.44084E-16,-0.99997,-0.007768064,0.9890018,0.0,0.007768064,-0.99997,0.9028654,0.0,0.0,0.0,1.0]}},"interpolation":"LINEAR"},{"time":1.791667,"transformations":{"Armature_Bone":{"matrix":[1.0,4.44083E-16,0.0,2.23746E-16,4.44084E-16,-0.99997,-0.007768064,0.9890018,0.0,0.007768064,-0.99997,0.7900072,0.0,0.0,0.0,1.0]}},"interpolation":"LINEAR"},{"time":1.833333,"transformations":{"Armature_Bone":{"matrix":[1.0,4.44083E-16,0.0,2.23746E-16,4.44084E-16,-0.99997,-0.007768064,0.9890018,0.0,0.007768064,-0.99997,0.6529652,0.0,0.0,0.0,1.0]}},"interpolation":"LINEAR"},{"time":1.875,"transformations":{"Armature_Bone":{"matrix":[1.0,4.44083E-16,0.0,2.23746E-16,4.44084E-16,-0.99997,-0.007768064,0.9890018,0.0,0.007768064,-0.99997,0.5038311,0.0,0.0,0.0,1.0]}},"interpolation":"LINEAR"},{"time":1.916667,"transformations":{"Armature_Bone":{"matrix":[1.0,4.44083E-16,0.0,2.23746E-16,4.44084E-16,-0.99997,-0.007768064,0.9890018,0.0,0.007768064,-0.99997,0.3546971,0.0,0.0,0.0,1.0]}},"interpolation":"LINEAR"},{"time":1.958333,"transformations":{"Armature_Bone":{"matrix":[1.0,4.44083E-16,0.0,2.23746E-16,4.44084E-16,-0.99997,-0.007768064,0.9890018,0.0,0.007768064,-0.99997,0.2176551,0.0,0.0,0.0,1.0]}},"interpolation":"LINEAR"},{"time":2.0,"transformations":{"Armature_Bone":{"matrix":[1.0,4.44083E-16,0.0,2.23746E-16,4.44084E-16,-0.99997,-0.007768064,0.9890018,0.0,0.007768064,-0.99997,0.104797,0.0,0.0,0.0,1.0]}},"interpolation":"LINEAR"},{"time":2.041667,"transformations":{"Armature_Bone":{"matrix":[1.0,4.44083E-16,0.0,2.23746E-16,4.44084E-16,-0.99997,-0.007768064,0.9890018,0.0,0.007768064,-0.99997,0.02821457,0.0,0.0,0.0,1.0]}},"interpolation":"LINEAR"},{"time":2.083333,"transformations":{"Armature_Bone":{"matrix":[1.0,4.44083E-16,0.0,0.0,4.44084E-16,-0.99997,-0.007768064,0.9890018,0.0,0.007768064,-0.99997,0.0,0.0,0.0,0.0,1.0]}},"interpolation":"LINEAR"}]}]}}