{"mesh":{"vertices":[{"position":{"x":-1.0,"y":1.0,"z":1.0},"color":{"r":1.0,"g":0.0,"b":0.0,"a":1.0},"normal":{"x":0.0,"y":0.0,"z":1.0},"influence":{"data":[]}},{"position":{"x":1.0,"y":-1.0,"z":1.0},"color":{"r":1.0,"g":0.0,"b":0.0,"a":1.0},"normal":{"x":0.0,"y":0.0,"z":1.0},"influence":{"data":[]}},{"position":{"x":1.0,"y":1.0,"z":1.0},"color":{"r":1.0,"g":0.0,"b":0.0,"a":1.0},"normal":{"x":0.0,"y":0.0,"z":1.0},"influence":{"data":[]}},{"position":{"x":1.0,"y":-1.0,"z":1.0},"color":{"r":1.0,"g":0.0,"b":0.0,"a":1.0},"normal":{"x":0.0,"y":-1.0,"z":0.0},"influence":{"data":[]}},{"position":{"x":-1.0,"y":-1.0,"z":-1.0},"color":{"r":1.0,"g":0.0,"b":0.0,"a":1.0},"normal":{"x":0.0,"y":-1.0,"z":0.0},"influence":{"data":[]}},{"position":{"x":1.0,"y":-1.0,"z":-1.0},"color":{"r":1.0,"g":0.0,"b":0.0,"a":1.0},"normal":{"x":0.0,"y":-1.0,"z":0.0},"influence":{"data":[]}},{"position":{"x":-1.0,"y":-1.0,"z":1.0},"color":{"r":1.0,"g":0.0,"b":0.0,"a":1.0},"normal":{"x":-1.0,"y":0.0,"z":0.0},"influence":{"data":[]}},{"position":{"x":-1.0,"y":1.0,"z":-1.0},"color":{"r":1.0,"g":0.0,"b":0.0,"a":1.0},"normal":{"x":-1.0,"y":0.0,"z":0.0},"influence":{"data":[]}},{"position":{"x":-1.0,"y":-1.0,"z":-1.0},"color":{"r":1.0,"g":0.0,"b":0.0,"a":1.0},"normal":{"x":-1.0,"y":0.0,"z":0.0},"influence":{"data":[]}},{"position":{"x":1.0,"y":1.0,"z":-1.0},"color":{"r":1.0,"g":0.0,"b":0.0,"a":1.0},"normal":{"x":0.0,"y":0.0,"z":-1.0},"influence":{"data":[]}},{"position":{"x":-1.0,"y":-1.0,"z":-1.0},"color":{"r":1.0,"g":0.0,"b":0.0,"a":1.0},"normal":{"x":0.0,"y":0.0,"z":-1.0},"influence":{"data":[]}},{"position":{"x":-1.0,"y":1.0,"z":-1.0},"color":{"r":1.0,"g":0.0,"b":0.0,"a":1.0},"normal":{"x":0.0,"y":0.0,"z":-1.0},"influence":{"data":[]}},{"position":{"x":1.0,"y":1.0,"z":1.0},"color":{"r":1.0,"g":0.0,"b":0.0,"a":1.0},"normal":{"x":1.0,"y":0.0,"z":0.0},"influence":{"data":[]}},{"position":{"x":1.0,"y":-1.0,"z":-1.0},"color":{"r":1.0,"g":0.0,"b":0.0,"a":1.0},"normal":{"x":1.0,"y":0.0,"z":0.0},"influence":{"data":[]}},{"position":{"x":1.0,"y":1.0,"z":-1.0},"color":{"r":1.0,"g":0.0,"b":0.0,"a":1.0},"normal":{"x":1.0,"y":0.0,"z":0.0},"influence":{"data":[]}},{"position":{"x":-1.0,"y":1.0,"z":1.0},"color":{"r":1.0,"g":0.0,"b":0.0,"a":1.0},"normal":{"x":0.0,"y":1.0,"z":0.0},"influence":{"data":[]}},{"position":{"x":1.0,"y":1.0,"z":-1.0},"color":{"r":1.0,"g":0.0,"b":0.0,"a":1.0},"normal":{"x":0.0,"y":1.0,"z":0.0},"influence":{"data":[]}},{"position":{"x":-1.0,"y":1.0,"z":-1.0},"color":{"r":1.0,"g":0.0,"b":0.0,"a":1.0},"normal":{"x":0.0,"y":1.0,"z":0.0},"influence":{"data":[]}},{"position":{"x":-1.0,"y":-1.0,"z":1.0},"color":{"r":1.0,"g":0.0,"b":0.0,"a":1.0},"normal":{"x":0.0,"y":0.0,"z":1.0},"influence":{"data":[]}},{"position":{"x":-1.0,"y":-1.0,"z":1.0},"color":{"r":1.0,"g":0.0,"b":0.0,"a":1.0},"normal":{"x":0.0,"y":-1.0,"z":0.0},"influence":{"data":[]}},{"position":{"x":-1.0,"y":1.0,"z":1.0},"color":{"r":1.0,"g":0.0,"b":0.0,"a":1.0},"normal":{"x":-1.0,"y":0.0,"z":0.0},"influence":{"data":[]}},{"position":{"x":1.0,"y":-1.0,"z":-1.0},"color":{"r":1.0,"g":0.0,"b":0.0,"a":1.0},"normal":{"x":0.0,"y":0.0,"z":-1.0},"influence":{"data":[]}},{"position":{"x":1.0,"y":-1.0,"z":1.0},"color":{"r":1.0,"g":0.0,"b":0.0,"a":1.0},"normal":{"x":1.0,"y":0.0,"z":0.0},"influence":{"data":[]}},{"position":{"x":1.0,"y":1.0,"z":1.0},"color":{"r":1.0,"g":0.0,"b":0.0,"a":1.0},"normal":{"x":0.0,"y":1.0,"z":0.0},"influence":{"data":[]}}],"verticesOrder":[0,1,2,3,4,5,6,7,8,9,10,11,12,13,14,15,16,17,0,18,1,3,19,4,6,20,7,9,21,10,12,22,13,15,23,16]},"armature":{"type":"collada.Armature","rootBone":{"id":"Armature_Bone","childs":[{"id":"Armature_Bone_001","childs":[{"id":"Armature_Bone_002","childs":[{"id":"Armature_Bone_003","childs":[{"id":"Armature_Bone_006","childs":[{"id":"Armature_Bone_007","childs":[{"id":"Armature_Bone_008","childs":[],"transformation":{"matrix":[-0.001076221,-0.9999995,0.0,0.0,0.9999995,-0.001076043,0.0,4.0,0.0,0.0,1.0,0.0,0.0,0.0,0.0,1.0]},"weights":[]}],"transformation":{"matrix":[0.001076043,-0.9999994,0.0,0.0,0.9999994,0.001075983,0.0,0.9956976,0.0,0.0,1.0,0.0,0.0,0.0,0.0,1.0]},"weights":[]}],"transformation":{"matrix":[1.0,0.0,0.0,0.0,0.0,1.0,0.0,0.9999999,0.0,0.0,1.0,0.0,0.0,0.0,0.0,1.0]},"weights":[]}],"transformation":{"matrix":[-0.4472142,-0.8944273,0.0,0.0,0.8944273,-0.4472136,0.0,2.236068,0.0,0.0,1.0,0.0,0.0,0.0,0.0,1.0]},"weights":[]}],"transformation":{"matrix":[0.3162277,0.9486834,0.0,5.96046E-8,-0.9486834,0.3162279,0.0,1.414213,0.0,0.0,1.0,0.0,0.0,0.0,0.0,1.0]},"weights":[]}],"transformation":{"matrix":[0.7071068,-0.7071068,0.0,0.0,0.7071068,0.7071068,0.0,1.0,0.0,0.0,1.0,0.0,0.0,0.0,0.0,1.0]},"weights":[]}],"transformation":{"matrix":[0.0,1.0,0.0,0.0,-1.0,0.0,0.0,0.0,0.0,0.0,1.0,0.0,0.0,0.0,0.0,1.0]},"weights":[]}},"animations":{"type":"collada.Animations","animations":[{"name":"action_container-Armature","boneId":"Armature_Bone_001","keyFrames":[{"time":0.04166662,"transformation":{"matrix":[0.7071068,-0.7071068,0.0,0.0,0.7071068,0.7071068,0.0,1.0,0.0,0.0,1.0,0.0,0.0,0.0,0.0,1.0]},"interpolation":"LINEAR"},{"time":0.08333331,"transformation":{"matrix":[0.712283,-0.7018924,0.0,0.0,0.7018924,0.712283,0.0,1.0,0.0,0.0,1.0,0.0,0.0,0.0,0.0,1.0]},"interpolation":"LINEAR"},{"time":0.125,"transformation":{"matrix":[0.7273179,-0.6863007,0.0,0.0,0.6863007,0.7273179,0.0,1.0,0.0,0.0,1.0,0.0,0.0,0.0,0.0,1.0]},"interpolation":"LINEAR"},{"time":0.1666666,"transformation":{"matrix":[0.7511734,-0.660105,0.0,0.0,0.660105,0.7511734,0.0,1.0,0.0,0.0,1.0,0.0,0.0,0.0,0.0,1.0]},"interpolation":"LINEAR"},{"time":0.2083333,"transformation":{"matrix":[0.7824262,-0.6227432,0.0,0.0,0.6227433,0.7824262,0.0,1.0,0.0,0.0,1.0,0.0,0.0,0.0,0.0,1.0]},"interpolation":"LINEAR"},{"time":0.25,"transformation":{"matrix":[0.8192559,-0.573428,0.0,0.0,0.573428,0.8192559,0.0,1.0,0.0,0.0,1.0,0.0,0.0,0.0,0.0,1.0]},"interpolation":"LINEAR"},{"time":0.2916666,"transformation":{"matrix":[0.859413,-0.511282,0.0,0.0,0.5112821,0.8594129,0.0,1.0,0.0,0.0,1.0,0.0,0.0,0.0,0.0,1.0]},"interpolation":"LINEAR"},{"time":0.3333333,"transformation":{"matrix":[0.9001865,-0.4355046,0.0,0.0,0.4355046,0.9001865,0.0,1.0,0.0,0.0,1.0,0.0,0.0,0.0,0.0,1.0]},"interpolation":"LINEAR"},{"time":0.375,"transformation":{"matrix":[0.9383941,-0.3455671,0.0,0.0,0.3455672,0.938394,0.0,1.0,0.0,0.0,1.0,0.0,0.0,0.0,0.0,1.0]},"interpolation":"LINEAR"},{"time":0.4166666,"transformation":{"matrix":[0.9704167,-0.2414365,0.0,0.0,0.2414365,0.9704167,0.0,1.0,0.0,0.0,1.0,0.0,0.0,0.0,0.0,1.0]},"interpolation":"LINEAR"},{"time":0.4583333,"transformation":{"matrix":[0.9923062,-0.1238074,0.0,0.0,0.1238074,0.9923062,0.0,1.0,0.0,0.0,1.0,0.0,0.0,0.0,0.0,1.0]},"interpolation":"LINEAR"},{"time":0.5,"transformation":{"matrix":[0.9999839,0.005678415,0.0,0.0,-0.005678356,0.9999838,0.0,1.0,0.0,0.0,1.0,0.0,0.0,0.0,0.0,1.0]},"interpolation":"LINEAR"},{"time":0.5416667,"transformation":{"matrix":[0.9879432,0.1548176,0.0,0.0,-0.1548175,0.9879431,0.0,1.0,0.0,0.0,1.0,0.0,0.0,0.0,0.0,1.0]},"interpolation":"LINEAR"},{"time":0.5833333,"transformation":{"matrix":[0.9438379,0.3304088,0.0,0.0,-0.3304088,0.9438379,0.0,1.0,0.0,0.0,1.0,0.0,0.0,0.0,0.0,1.0]},"interpolation":"LINEAR"},{"time":0.625,"transformation":{"matrix":[0.8524089,0.5228759,0.0,0.0,-0.5228758,0.8524088,0.0,1.0,0.0,0.0,1.0,0.0,0.0,0.0,0.0,1.0]},"interpolation":"LINEAR"},{"time":0.6666667,"transformation":{"matrix":[0.7014951,0.7126744,0.0,0.0,-0.7126743,0.7014951,0.0,1.0,0.0,0.0,1.0,0.0,0.0,0.0,0.0,1.0]},"interpolation":"LINEAR"},{"time":0.7083333,"transformation":{"matrix":[0.4905123,0.8714341,0.0,0.0,-0.8714341,0.4905123,0.0,1.0,0.0,0.0,1.0,0.0,0.0,0.0,0.0,1.0]},"interpolation":"LINEAR"},{"time":0.75,"transformation":{"matrix":[0.237569,0.9713705,0.0,0.0,-0.9713705,0.237569,0.0,1.0,0.0,0.0,1.0,0.0,0.0,0.0,0.0,1.0]},"interpolation":"LINEAR"},{"time":0.7916667,"transformation":{"matrix":[-0.02340683,0.9997264,0.0,0.0,-0.9997263,-0.02340683,0.0,1.0,0.0,0.0,1.0,0.0,0.0,0.0,0.0,1.0]},"interpolation":"LINEAR"},{"time":0.8333333,"transformation":{"matrix":[-0.2569843,0.9664156,0.0,0.0,-0.9664156,-0.2569843,0.0,1.0,0.0,0.0,1.0,0.0,0.0,0.0,0.0,1.0]},"interpolation":"LINEAR"},{"time":0.875,"transformation":{"matrix":[-0.4405633,0.8977213,0.0,0.0,-0.8977212,-0.4405633,0.0,1.0,0.0,0.0,1.0,0.0,0.0,0.0,0.0,1.0]},"interpolation":"LINEAR"},{"time":0.9166667,"transformation":{"matrix":[-0.5676805,0.823249,0.0,0.0,-0.823249,-0.5676805,0.0,1.0,0.0,0.0,1.0,0.0,0.0,0.0,0.0,1.0]},"interpolation":"LINEAR"},{"time":0.9583333,"transformation":{"matrix":[-0.6415671,0.767067,0.0,0.0,-0.767067,-0.6415671,0.0,1.0,0.0,0.0,1.0,0.0,0.0,0.0,0.0,1.0]},"interpolation":"LINEAR"},{"time":1.0,"transformation":{"matrix":[-0.6662267,0.7457491,0.0,0.0,-0.7457491,-0.6662267,0.0,1.0,0.0,0.0,1.0,0.0,0.0,0.0,0.0,1.0]},"interpolation":"LINEAR"}]}]}}