{"mesh":{"vertices":[{"position":{"x":-1.0,"y":1.0,"z":1.0},"color":{"r":1.0,"g":0.0,"b":0.0,"a":1.0},"normal":{"x":0.0,"y":0.0,"z":1.0},"influence":{"data":[]}},{"position":{"x":1.0,"y":-1.0,"z":1.0},"color":{"r":1.0,"g":0.0,"b":0.0,"a":1.0},"normal":{"x":0.0,"y":0.0,"z":1.0},"influence":{"data":[]}},{"position":{"x":1.0,"y":1.0,"z":1.0},"color":{"r":1.0,"g":0.0,"b":0.0,"a":1.0},"normal":{"x":0.0,"y":0.0,"z":1.0},"influence":{"data":[]}},{"position":{"x":1.0,"y":-1.0,"z":1.0},"color":{"r":1.0,"g":0.0,"b":0.0,"a":1.0},"normal":{"x":0.0,"y":-1.0,"z":0.0},"influence":{"data":[]}},{"position":{"x":-1.0,"y":-1.0,"z":-1.0},"color":{"r":1.0,"g":0.0,"b":0.0,"a":1.0},"normal":{"x":0.0,"y":-1.0,"z":0.0},"influence":{"data":[]}},{"position":{"x":1.0,"y":-1.0,"z":-1.0},"color":{"r":1.0,"g":0.0,"b":0.0,"a":1.0},"normal":{"x":0.0,"y":-1.0,"z":0.0},"influence":{"data":[]}},{"position":{"x":-1.0,"y":-1.0,"z":1.0},"color":{"r":1.0,"g":0.0,"b":0.0,"a":1.0},"normal":{"x":-1.0,"y":0.0,"z":0.0},"influence":{"data":[]}},{"position":{"x":-1.0,"y":1.0,"z":-1.0},"color":{"r":1.0,"g":0.0,"b":0.0,"a":1.0},"normal":{"x":-1.0,"y":0.0,"z":0.0},"influence":{"data":[]}},{"position":{"x":-1.0,"y":-1.0,"z":-1.0},"color":{"r":1.0,"g":0.0,"b":0.0,"a":1.0},"normal":{"x":-1.0,"y":0.0,"z":0.0},"influence":{"data":[]}},{"position":{"x":1.0,"y":1.0,"z":-1.0},"color":{"r":1.0,"g":0.0,"b":0.0,"a":1.0},"normal":{"x":0.0,"y":0.0,"z":-1.0},"influence":{"data":[]}},{"position":{"x":-1.0,"y":-1.0,"z":-1.0},"color":{"r":1.0,"g":0.0,"b":0.0,"a":1.0},"normal":{"x":0.0,"y":0.0,"z":-1.0},"influence":{"data":[]}},{"position":{"x":-1.0,"y":1.0,"z":-1.0},"color":{"r":1.0,"g":0.0,"b":0.0,"a":1.0},"normal":{"x":0.0,"y":0.0,"z":-1.0},"influence":{"data":[]}},{"position":{"x":1.0,"y":1.0,"z":1.0},"color":{"r":1.0,"g":0.0,"b":0.0,"a":1.0},"normal":{"x":1.0,"y":0.0,"z":0.0},"influence":{"data":[]}},{"position":{"x":1.0,"y":-1.0,"z":-1.0},"color":{"r":1.0,"g":0.0,"b":0.0,"a":1.0},"normal":{"x":1.0,"y":0.0,"z":0.0},"influence":{"data":[]}},{"position":{"x":1.0,"y":1.0,"z":-1.0},"color":{"r":1.0,"g":0.0,"b":0.0,"a":1.0},"normal":{"x":1.0,"y":0.0,"z":0.0},"influence":{"data":[]}},{"position":{"x":-1.0,"y":1.0,"z":1.0},"color":{"r":1.0,"g":0.0,"b":0.0,"a":1.0},"normal":{"x":0.0,"y":1.0,"z":0.0},"influence":{"data":[]}},{"position":{"x":1.0,"y":1.0,"z":-1.0},"color":{"r":1.0,"g":0.0,"b":0.0,"a":1.0},"normal":{"x":0.0,"y":1.0,"z":0.0},"influence":{"data":[]}},{"position":{"x":-1.0,"y":1.0,"z":-1.0},"color":{"r":1.0,"g":0.0,"b":0.0,"a":1.0},"normal":{"x":0.0,"y":1.0,"z":0.0},"influence":{"data":[]}},{"position":{"x":-1.0,"y":-1.0,"z":1.0},"color":{"r":1.0,"g":0.0,"b":0.0,"a":1.0},"normal":{"x":0.0,"y":0.0,"z":1.0},"influence":{"data":[]}},{"position":{"x":-1.0,"y":-1.0,"z":1.0},"color":{"r":1.0,"g":0.0,"b":0.0,"a":1.0},"normal":{"x":0.0,"y":-1.0,"z":0.0},"influence":{"data":[]}},{"position":{"x":-1.0,"y":1.0,"z":1.0},"color":{"r":1.0,"g":0.0,"b":0.0,"a":1.0},"normal":{"x":-1.0,"y":0.0,"z":0.0},"influence":{"data":[]}},{"position":{"x":1.0,"y":-1.0,"z":-1.0},"color":{"r":1.0,"g":0.0,"b":0.0,"a":1.0},"normal":{"x":0.0,"y":0.0,"z":-1.0},"influence":{"data":[]}},{"position":{"x":1.0,"y":-1.0,"z":1.0},"color":{"r":1.0,"g":0.0,"b":0.0,"a":1.0},"normal":{"x":1.0,"y":0.0,"z":0.0},"influence":{"data":[]}},{"position":{"x":1.0,"y":1.0,"z":1.0},"color":{"r":1.0,"g":0.0,"b":0.0,"a":1.0},"normal":{"x":0.0,"y":1.0,"z":0.0},"influence":{"data":[]}}],"verticesOrder":[0,1,2,3,4,5,6,7,8,9,10,11,12,13,14,15,16,17,0,18,1,3,19,4,6,20,7,9,21,10,12,22,13,15,23,16]},"armature":{"type":"collada.Armature","rootBone":{"id":"Armature_Bone","childs":[{"id":"Armature_Bone_001","childs":[{"id":"Armature_Bone_002","childs":[{"id":"Armature_Bone_003","childs":[{"id":"Armature_Bone_006","childs":[{"id":"Armature_Bone_007","childs":[{"id":"Armature_Bone_008","childs":[],"transformation":{"matrix":[-0.001076221,-0.9999995,0.0,0.0,0.9999995,-0.001076043,0.0,4.0,0.0,0.0,1.0,0.0,0.0,0.0,0.0,1.0]},"weights":[],"inverseBindPose":{"matrix":[1.0,0.0,0.0,0.0,0.0,1.0,0.0,0.0,0.0,0.0,1.0,0.0,0.0,0.0,0.0,1.0]}}],"transformation":{"matrix":[0.001076043,-0.9999994,0.0,0.0,0.9999994,0.001075983,0.0,0.9956976,0.0,0.0,1.0,0.0,0.0,0.0,0.0,1.0]},"weights":[],"inverseBindPose":{"matrix":[1.0,0.0,0.0,0.0,0.0,1.0,0.0,0.0,0.0,0.0,1.0,0.0,0.0,0.0,0.0,1.0]}}],"transformation":{"matrix":[1.0,0.0,0.0,0.0,0.0,1.0,0.0,0.9999999,0.0,0.0,1.0,0.0,0.0,0.0,0.0,1.0]},"weights":[],"inverseBindPose":{"matrix":[1.0,0.0,0.0,0.0,0.0,1.0,0.0,0.0,0.0,0.0,1.0,0.0,0.0,0.0,0.0,1.0]}}],"transformation":{"matrix":[-0.4472142,-0.8944273,0.0,0.0,0.8944273,-0.4472136,0.0,2.236068,0.0,0.0,1.0,0.0,0.0,0.0,0.0,1.0]},"weights":[],"inverseBindPose":{"matrix":[1.0,0.0,0.0,0.0,0.0,1.0,0.0,0.0,0.0,0.0,1.0,0.0,0.0,0.0,0.0,1.0]}}],"transformation":{"matrix":[0.3162277,0.9486834,0.0,5.96046E-8,-0.9486834,0.3162279,0.0,1.414213,0.0,0.0,1.0,0.0,0.0,0.0,0.0,1.0]},"weights":[],"inverseBindPose":{"matrix":[1.0,0.0,0.0,0.0,0.0,1.0,0.0,0.0,0.0,0.0,1.0,0.0,0.0,0.0,0.0,1.0]}}],"transformation":{"matrix":[0.7071068,-0.7071068,0.0,0.0,0.7071068,0.7071068,0.0,1.0,0.0,0.0,1.0,0.0,0.0,0.0,0.0,1.0]},"weights":[],"inverseBindPose":{"matrix":[1.0,0.0,0.0,0.0,0.0,1.0,0.0,0.0,0.0,0.0,1.0,0.0,0.0,0.0,0.0,1.0]}}],"transformation":{"matrix":[0.0,1.0,0.0,0.0,-1.0,0.0,0.0,0.0,0.0,0.0,1.0,0.0,0.0,0.0,0.0,1.0]},"weights":[],"inverseBindPose":{"matrix":[1.0,0.0,0.0,0.0,0.0,1.0,0.0,0.0,0.0,0.0,1.0,0.0,0.0,0.0,0.0,1.0]}}},"animations":{"type":"collada.Animations","animations":[{"name":"action_container-Armature","keyFrames":[{"time":0.04166662,"transformations":{"Armature_Bone":{"matrix":[0.0,1.0,0.0,0.0,-1.0,0.0,0.0,0.0,0.0,0.0,1.0,0.0,0.0,0.0,0.0,1.0]},"Armature_Bone_001":{"matrix":[0.7071068,-0.7071068,0.0,0.0,0.7071068,0.7071068,0.0,1.0,0.0,0.0,1.0,0.0,0.0,0.0,0.0,1.0]},"Armature_Bone_002":{"matrix":[-0.3451369,-0.9385527,0.0,5.96046E-8,0.9385526,-0.3451371,0.0,1.414213,0.0,0.0,1.0,0.0,0.0,0.0,0.0,1.0]}},"interpolation":"LINEAR"},{"time":0.08333331,"transformations":{"Armature_Bone":{"matrix":[0.0,1.0,0.0,0.0,-1.0,0.0,0.0,0.0,0.0,0.0,1.0,0.0,0.0,0.0,0.0,1.0]},"Armature_Bone_001":{"matrix":[0.712283,-0.7018924,0.0,0.0,0.7018924,0.712283,0.0,1.0,0.0,0.0,1.0,0.0,0.0,0.0,0.0,1.0]},"Armature_Bone_002":{"matrix":[-0.3002923,-0.9538478,0.0,-5.96046E-8,0.9538478,-0.3002924,0.0,1.414214,0.0,0.0,1.0,0.0,0.0,0.0,0.0,1.0]}},"interpolation":"LINEAR"},{"time":0.125,"transformations":{"Armature_Bone":{"matrix":[0.0,1.0,0.0,0.0,-1.0,0.0,0.0,0.0,0.0,0.0,1.0,0.0,0.0,0.0,0.0,1.0]},"Armature_Bone_001":{"matrix":[0.7273179,-0.6863007,0.0,0.0,0.6863007,0.7273179,0.0,1.0,0.0,0.0,1.0,0.0,0.0,0.0,0.0,1.0]},"Armature_Bone_002":{"matrix":[-0.1696983,-0.9854962,0.0,0.0,0.9854962,-0.1696983,0.0,1.414214,0.0,0.0,1.0,0.0,0.0,0.0,0.0,1.0]}},"interpolation":"LINEAR"},{"time":0.1666666,"transformations":{"Armature_Bone":{"matrix":[0.0,1.0,0.0,0.0,-1.0,0.0,0.0,0.0,0.0,0.0,1.0,0.0,0.0,0.0,0.0,1.0]},"Armature_Bone_001":{"matrix":[0.7511734,-0.660105,0.0,0.0,0.660105,0.7511734,0.0,1.0,0.0,0.0,1.0,0.0,0.0,0.0,0.0,1.0]},"Armature_Bone_002":{"matrix":[0.04233524,-0.9991034,0.0,5.96046E-8,0.9991034,0.04233509,0.0,1.414213,0.0,0.0,1.0,0.0,0.0,0.0,0.0,1.0]}},"interpolation":"LINEAR"},{"time":0.2083333,"transformations":{"Armature_Bone":{"matrix":[0.0,1.0,0.0,0.0,-1.0,0.0,0.0,0.0,0.0,0.0,1.0,0.0,0.0,0.0,0.0,1.0]},"Armature_Bone_001":{"matrix":[0.7824262,-0.6227432,0.0,0.0,0.6227433,0.7824262,0.0,1.0,0.0,0.0,1.0,0.0,0.0,0.0,0.0,1.0]},"Armature_Bone_002":{"matrix":[0.3148396,-0.9491448,0.0,1.19209E-7,0.9491449,0.3148395,0.0,1.414214,0.0,0.0,1.0,0.0,0.0,0.0,0.0,1.0]}},"interpolation":"LINEAR"},{"time":0.25,"transformations":{"Armature_Bone":{"matrix":[0.0,1.0,0.0,0.0,-1.0,0.0,0.0,0.0,0.0,0.0,1.0,0.0,0.0,0.0,0.0,1.0]},"Armature_Bone_001":{"matrix":[0.8192559,-0.573428,0.0,0.0,0.573428,0.8192559,0.0,1.0,0.0,0.0,1.0,0.0,0.0,0.0,0.0,1.0]},"Armature_Bone_002":{"matrix":[0.5947317,-0.8039243,0.0,-5.96046E-8,0.8039244,0.5947317,0.0,1.414213,0.0,0.0,1.0,0.0,0.0,0.0,0.0,1.0]}},"interpolation":"LINEAR"},{"time":0.2916666,"transformations":{"Armature_Bone":{"matrix":[0.0,1.0,0.0,0.0,-1.0,0.0,0.0,0.0,0.0,0.0,1.0,0.0,0.0,0.0,0.0,1.0]},"Armature_Bone_001":{"matrix":[0.859413,-0.511282,0.0,0.0,0.5112821,0.8594129,0.0,1.0,0.0,0.0,1.0,0.0,0.0,0.0,0.0,1.0]},"Armature_Bone_002":{"matrix":[0.8154905,-0.5787706,0.0,5.96046E-8,0.5787707,0.8154905,0.0,1.414214,0.0,0.0,1.0,0.0,0.0,0.0,0.0,1.0]}},"interpolation":"LINEAR"},{"time":0.3333333,"transformations":{"Armature_Bone":{"matrix":[0.0409019,0.9991632,0.0,0.0,-0.9991632,0.0409019,0.0,1.58839E-4,0.0,0.0,1.0,0.0,0.0,0.0,0.0,1.0]},"Armature_Bone_001":{"matrix":[0.9001865,-0.4355045,0.0,1.62981E-9,0.4355045,0.9001864,0.0,0.9999999,0.0,0.0,1.0,0.0,0.0,0.0,0.0,1.0]},"Armature_Bone_002":{"matrix":[0.9429945,-0.3328089,0.0,-5.96046E-8,0.3328091,0.9429946,0.0,1.414214,0.0,0.0,1.0,0.0,0.0,0.0,0.0,1.0]}},"interpolation":"LINEAR"},{"time":0.375,"transformations":{"Armature_Bone":{"matrix":[0.1572825,0.9875537,0.0,0.0,-0.9875537,0.1572825,0.0,5.94367E-4,0.0,0.0,1.0,0.0,0.0,0.0,0.0,1.0]},"Armature_Bone_001":{"matrix":[0.9383941,-0.3455671,0.0,-2.56114E-9,0.3455671,0.9383941,0.0,1.0,0.0,0.0,1.0,0.0,0.0,0.0,0.0,1.0]},"Armature_Bone_002":{"matrix":[0.992021,-0.1260724,0.0,-1.19209E-7,0.1260726,0.992021,0.0,1.414214,0.0,0.0,1.0,0.0,0.0,0.0,0.0,1.0]}},"interpolation":"LINEAR"},{"time":0.4166666,"transformations":{"Armature_Bone":{"matrix":[0.3387691,0.9408695,0.0,0.0,-0.9408695,0.3387691,0.0,0.001245096,0.0,0.0,1.0,0.0,0.0,0.0,0.0,1.0]},"Armature_Bone_001":{"matrix":[0.9704168,-0.2414365,0.0,-2.66591E-8,0.2414366,0.9704167,0.0,1.0,0.0,0.0,1.0,0.0,0.0,0.0,0.0,1.0]},"Armature_Bone_002":{"matrix":[0.9999675,0.008066326,0.0,-2.98023E-8,-0.008066207,0.9999676,0.0,1.414214,0.0,0.0,1.0,0.0,0.0,0.0,0.0,1.0]}},"interpolation":"LINEAR"},{"time":0.4583333,"transformations":{"Armature_Bone":{"matrix":[0.5617679,0.8272949,0.0,0.0,-0.8272949,0.5617679,0.0,0.002049541,0.0,0.0,1.0,0.0,0.0,0.0,0.0,1.0]},"Armature_Bone_001":{"matrix":[0.9923064,-0.1238073,0.0,-2.86382E-8,0.1238074,0.9923062,0.0,1.0,0.0,0.0,1.0,0.0,0.0,0.0,0.0,1.0]},"Armature_Bone_002":{"matrix":[0.9984632,0.05542353,0.0,-8.9407E-8,-0.05542335,0.9984631,0.0,1.414213,0.0,0.0,1.0,0.0,0.0,0.0,0.0,1.0]}},"interpolation":"LINEAR"},{"time":0.5,"transformations":{"Armature_Bone":{"matrix":[0.77956,0.6263276,0.0,0.0,-0.6263276,0.77956,0.0,0.002946215,0.0,0.0,1.0,0.0,0.0,0.0,0.0,1.0]},"Armature_Bone_001":{"matrix":[0.9999839,0.005678356,0.0,-3.45754E-8,-0.005678326,0.9999839,0.0,1.0,0.0,0.0,1.0,0.0,0.0,0.0,0.0,1.0]},"Armature_Bone_002":{"matrix":[0.9984632,0.05542344,0.0,2.8871E-8,-0.05542338,0.9984631,0.0,1.414214,0.0,0.0,1.0,0.0,0.0,0.0,0.0,1.0]}},"interpolation":"LINEAR"},{"time":0.5416667,"transformations":{"Armature_Bone":{"matrix":[0.9352267,0.3540497,0.0,0.0,-0.3540497,0.9352267,0.0,0.003873632,0.0,0.0,1.0,0.0,0.0,0.0,0.0,1.0]},"Armature_Bone_001":{"matrix":[0.9879431,0.1548176,0.0,-1.47847E-8,-0.1548176,0.9879431,0.0,1.0,0.0,0.0,1.0,0.0,0.0,0.0,0.0,1.0]},"Armature_Bone_002":{"matrix":[0.9984632,0.05542353,0.0,7.45058E-8,-0.05542341,0.9984632,0.0,1.414214,0.0,0.0,1.0,0.0,0.0,0.0,0.0,1.0]}},"interpolation":"LINEAR"},{"time":0.5833333,"transformations":{"Armature_Bone":{"matrix":[0.9979233,0.06441189,0.0,0.0,-0.06441189,0.9979233,0.0,0.004770306,0.0,0.0,1.0,0.0,0.0,0.0,0.0,1.0]},"Armature_Bone_001":{"matrix":[0.9438381,0.3304089,0.0,2.64845E-9,-0.3304088,0.9438379,0.0,1.0,0.0,0.0,1.0,0.0,0.0,0.0,0.0,1.0]},"Armature_Bone_002":{"matrix":[0.9984632,0.05542353,0.0,0.0,-0.05542344,0.9984632,0.0,1.414213,0.0,0.0,1.0,0.0,0.0,0.0,0.0,1.0]}},"interpolation":"LINEAR"},{"time":0.625,"transformations":{"Armature_Bone":{"matrix":[0.9826671,-0.1853779,0.0,0.0,0.1853779,0.9826671,0.0,0.005574751,0.0,0.0,1.0,0.0,0.0,0.0,0.0,1.0]},"Armature_Bone_001":{"matrix":[0.8524089,0.522876,0.0,4.07454E-9,-0.5228759,0.8524089,0.0,1.0,0.0,0.0,1.0,0.0,0.0,0.0,0.0,1.0]},"Armature_Bone_002":{"matrix":[0.9984632,0.0554235,0.0,0.0,-0.05542341,0.9984632,0.0,1.414214,0.0,0.0,1.0,0.0,0.0,0.0,0.0,1.0]}},"interpolation":"LINEAR"},{"time":0.6666667,"transformations":{"Armature_Bone":{"matrix":[0.9308271,-0.3654595,0.0,0.0,0.3654595,0.9308271,0.0,0.00622548,0.0,0.0,1.0,0.0,0.0,0.0,0.0,1.0]},"Armature_Bone_001":{"matrix":[0.7014952,0.7126745,0.0,-2.23517E-8,-0.7126744,0.7014952,0.0,1.0,0.0,0.0,1.0,0.0,0.0,0.0,0.0,1.0]},"Armature_Bone_002":{"matrix":[0.998463,0.0554235,0.0,5.96046E-8,-0.05542338,0.998463,0.0,1.414214,0.0,0.0,1.0,0.0,0.0,0.0,0.0,1.0]}},"interpolation":"LINEAR"},{"time":0.7083333,"transformations":{"Armature_Bone":{"matrix":[0.8817902,-0.4716419,0.0,0.0,0.4716419,0.8817902,0.0,0.006661008,0.0,0.0,1.0,0.0,0.0,0.0,0.0,1.0]},"Armature_Bone_001":{"matrix":[0.4905123,0.8714342,0.0,1.39698E-9,-0.8714341,0.4905124,0.0,1.0,0.0,0.0,1.0,0.0,0.0,0.0,0.0,1.0]},"Armature_Bone_002":{"matrix":[0.9984632,0.0554235,0.0,5.96046E-8,-0.05542338,0.9984633,0.0,1.414214,0.0,0.0,1.0,0.0,0.0,0.0,0.0,1.0]}},"interpolation":"LINEAR"},{"time":0.75,"transformations":{"Armature_Bone":{"matrix":[0.8617614,-0.507314,0.0,0.0,0.507314,0.8617614,0.0,0.006819847,0.0,0.0,1.0,0.0,0.0,0.0,0.0,1.0]},"Armature_Bone_001":{"matrix":[0.2375689,0.9713705,0.0,7.91624E-9,-0.9713705,0.237569,0.0,0.9999999,0.0,0.0,1.0,0.0,0.0,0.0,0.0,1.0]},"Armature_Bone_002":{"matrix":[0.9984632,0.05542353,0.0,0.0,-0.05542341,0.9984632,0.0,1.414214,0.0,0.0,1.0,0.0,0.0,0.0,0.0,1.0]}},"interpolation":"LINEAR"},{"time":0.7916667,"transformations":{"Armature_Bone":{"matrix":[0.8617614,-0.507314,0.0,0.0,0.507314,0.8617614,0.0,0.006819847,0.0,0.0,1.0,0.0,0.0,0.0,0.0,1.0]},"Armature_Bone_001":{"matrix":[-0.02340689,0.9997264,0.0,7.91624E-9,-0.9997263,-0.02340689,0.0,0.9999999,0.0,0.0,1.0,0.0,0.0,0.0,0.0,1.0]},"Armature_Bone_002":{"matrix":[0.9984632,0.05542353,0.0,0.0,-0.05542341,0.9984632,0.0,1.414214,0.0,0.0,1.0,0.0,0.0,0.0,0.0,1.0]}},"interpolation":"LINEAR"},{"time":0.8333333,"transformations":{"Armature_Bone":{"matrix":[0.8617614,-0.507314,0.0,0.0,0.507314,0.8617614,0.0,0.006819847,0.0,0.0,1.0,0.0,0.0,0.0,0.0,1.0]},"Armature_Bone_001":{"matrix":[-0.2569843,0.9664156,0.0,7.91624E-9,-0.9664156,-0.2569843,0.0,0.9999999,0.0,0.0,1.0,0.0,0.0,0.0,0.0,1.0]},"Armature_Bone_002":{"matrix":[0.9984631,0.05542354,0.0,0.0,-0.05542339,0.9984632,0.0,1.414214,0.0,0.0,1.0,0.0,0.0,0.0,0.0,1.0]}},"interpolation":"LINEAR"},{"time":0.875,"transformations":{"Armature_Bone":{"matrix":[0.8617614,-0.507314,0.0,0.0,0.507314,0.8617614,0.0,0.006819847,0.0,0.0,1.0,0.0,0.0,0.0,0.0,1.0]},"Armature_Bone_001":{"matrix":[-0.4405633,0.8977213,0.0,7.91624E-9,-0.8977212,-0.4405632,0.0,0.9999999,0.0,0.0,1.0,0.0,0.0,0.0,0.0,1.0]},"Armature_Bone_002":{"matrix":[0.998463,0.05542352,0.0,0.0,-0.05542342,0.9984631,0.0,1.414214,0.0,0.0,1.0,0.0,0.0,0.0,0.0,1.0]}},"interpolation":"LINEAR"},{"time":0.9166667,"transformations":{"Armature_Bone":{"matrix":[0.8617614,-0.507314,0.0,0.0,0.507314,0.8617614,0.0,0.006819847,0.0,0.0,1.0,0.0,0.0,0.0,0.0,1.0]},"Armature_Bone_001":{"matrix":[-0.5676805,0.823249,0.0,7.91624E-9,-0.823249,-0.5676805,0.0,0.9999999,0.0,0.0,1.0,0.0,0.0,0.0,0.0,1.0]},"Armature_Bone_002":{"matrix":[0.9984631,0.05542351,0.0,-5.96046E-8,-0.05542337,0.9984632,0.0,1.414213,0.0,0.0,1.0,0.0,0.0,0.0,0.0,1.0]}},"interpolation":"LINEAR"},{"time":0.9583333,"transformations":{"Armature_Bone":{"matrix":[0.8617614,-0.507314,0.0,0.0,0.507314,0.8617614,0.0,0.006819847,0.0,0.0,1.0,0.0,0.0,0.0,0.0,1.0]},"Armature_Bone_001":{"matrix":[-0.6415671,0.767067,0.0,7.91624E-9,-0.767067,-0.6415671,0.0,0.9999999,0.0,0.0,1.0,0.0,0.0,0.0,0.0,1.0]},"Armature_Bone_002":{"matrix":[0.998463,0.05542353,0.0,0.0,-0.05542342,0.9984632,0.0,1.414213,0.0,0.0,1.0,0.0,0.0,0.0,0.0,1.0]}},"interpolation":"LINEAR"},{"time":1.0,"transformations":{"Armature_Bone":{"matrix":[0.8617614,-0.507314,0.0,0.0,0.507314,0.8617614,0.0,0.006819847,0.0,0.0,1.0,0.0,0.0,0.0,0.0,1.0]},"Armature_Bone_001":{"matrix":[-0.6662268,0.7457491,0.0,7.91624E-9,-0.7457491,-0.6662267,0.0,0.9999999,0.0,0.0,1.0,0.0,0.0,0.0,0.0,1.0]},"Armature_Bone_002":{"matrix":[0.9984631,0.05542353,0.0,0.0,-0.05542341,0.9984631,0.0,1.414214,0.0,0.0,1.0,0.0,0.0,0.0,0.0,1.0]}},"interpolation":"LINEAR"}]}]}}