{"mesh":{"vertices":[{"position":{"x":-1.0,"y":1.0,"z":1.0},"color":{"r":1.0,"g":0.0,"b":0.0,"a":1.0},"normal":{"x":0.0,"y":0.0,"z":1.0},"influence":{"data":[]}},{"position":{"x":1.0,"y":-1.0,"z":1.0},"color":{"r":1.0,"g":0.0,"b":0.0,"a":1.0},"normal":{"x":0.0,"y":0.0,"z":1.0},"influence":{"data":[]}},{"position":{"x":1.0,"y":1.0,"z":1.0},"color":{"r":1.0,"g":0.0,"b":0.0,"a":1.0},"normal":{"x":0.0,"y":0.0,"z":1.0},"influence":{"data":[]}},{"position":{"x":1.0,"y":-1.0,"z":1.0},"color":{"r":1.0,"g":0.0,"b":0.0,"a":1.0},"normal":{"x":0.0,"y":-1.0,"z":0.0},"influence":{"data":[]}},{"position":{"x":-1.0,"y":-1.0,"z":-1.0},"color":{"r":1.0,"g":0.0,"b":0.0,"a":1.0},"normal":{"x":0.0,"y":-1.0,"z":0.0},"influence":{"data":[]}},{"position":{"x":1.0,"y":-1.0,"z":-1.0},"color":{"r":1.0,"g":0.0,"b":0.0,"a":1.0},"normal":{"x":0.0,"y":-1.0,"z":0.0},"influence":{"data":[]}},{"position":{"x":-1.0,"y":-1.0,"z":1.0},"color":{"r":1.0,"g":0.0,"b":0.0,"a":1.0},"normal":{"x":-1.0,"y":0.0,"z":0.0},"influence":{"data":[]}},{"position":{"x":-1.0,"y":1.0,"z":-1.0},"color":{"r":1.0,"g":0.0,"b":0.0,"a":1.0},"normal":{"x":-1.0,"y":0.0,"z":0.0},"influence":{"data":[]}},{"position":{"x":-1.0,"y":-1.0,"z":-1.0},"color":{"r":1.0,"g":0.0,"b":0.0,"a":1.0},"normal":{"x":-1.0,"y":0.0,"z":0.0},"influence":{"data":[]}},{"position":{"x":1.0,"y":1.0,"z":-1.0},"color":{"r":1.0,"g":0.0,"b":0.0,"a":1.0},"normal":{"x":0.0,"y":0.0,"z":-1.0},"influence":{"data":[]}},{"position":{"x":-1.0,"y":-1.0,"z":-1.0},"color":{"r":1.0,"g":0.0,"b":0.0,"a":1.0},"normal":{"x":0.0,"y":0.0,"z":-1.0},"influence":{"data":[]}},{"position":{"x":-1.0,"y":1.0,"z":-1.0},"color":{"r":1.0,"g":0.0,"b":0.0,"a":1.0},"normal":{"x":0.0,"y":0.0,"z":-1.0},"influence":{"data":[]}},{"position":{"x":1.0,"y":1.0,"z":1.0},"color":{"r":1.0,"g":0.0,"b":0.0,"a":1.0},"normal":{"x":1.0,"y":0.0,"z":0.0},"influence":{"data":[]}},{"position":{"x":1.0,"y":-1.0,"z":-1.0},"color":{"r":1.0,"g":0.0,"b":0.0,"a":1.0},"normal":{"x":1.0,"y":0.0,"z":0.0},"influence":{"data":[]}},{"position":{"x":1.0,"y":1.0,"z":-1.0},"color":{"r":1.0,"g":0.0,"b":0.0,"a":1.0},"normal":{"x":1.0,"y":0.0,"z":0.0},"influence":{"data":[]}},{"position":{"x":-1.0,"y":1.0,"z":1.0},"color":{"r":1.0,"g":0.0,"b":0.0,"a":1.0},"normal":{"x":0.0,"y":1.0,"z":0.0},"influence":{"data":[]}},{"position":{"x":1.0,"y":1.0,"z":-1.0},"color":{"r":1.0,"g":0.0,"b":0.0,"a":1.0},"normal":{"x":0.0,"y":1.0,"z":0.0},"influence":{"data":[]}},{"position":{"x":-1.0,"y":1.0,"z":-1.0},"color":{"r":1.0,"g":0.0,"b":0.0,"a":1.0},"normal":{"x":0.0,"y":1.0,"z":0.0},"influence":{"data":[]}},{"position":{"x":-1.0,"y":-1.0,"z":1.0},"color":{"r":1.0,"g":0.0,"b":0.0,"a":1.0},"normal":{"x":0.0,"y":0.0,"z":1.0},"influence":{"data":[]}},{"position":{"x":-1.0,"y":-1.0,"z":1.0},"color":{"r":1.0,"g":0.0,"b":0.0,"a":1.0},"normal":{"x":0.0,"y":-1.0,"z":0.0},"influence":{"data":[]}},{"position":{"x":-1.0,"y":1.0,"z":1.0},"color":{"r":1.0,"g":0.0,"b":0.0,"a":1.0},"normal":{"x":-1.0,"y":0.0,"z":0.0},"influence":{"data":[]}},{"position":{"x":1.0,"y":-1.0,"z":-1.0},"color":{"r":1.0,"g":0.0,"b":0.0,"a":1.0},"normal":{"x":0.0,"y":0.0,"z":-1.0},"influence":{"data":[]}},{"position":{"x":1.0,"y":-1.0,"z":1.0},"color":{"r":1.0,"g":0.0,"b":0.0,"a":1.0},"normal":{"x":1.0,"y":0.0,"z":0.0},"influence":{"data":[]}},{"position":{"x":1.0,"y":1.0,"z":1.0},"color":{"r":1.0,"g":0.0,"b":0.0,"a":1.0},"normal":{"x":0.0,"y":1.0,"z":0.0},"influence":{"data":[]}}],"verticesOrder":[0,1,2,3,4,5,6,7,8,9,10,11,12,13,14,15,16,17,0,18,1,3,19,4,6,20,7,9,21,10,12,22,13,15,23,16]},"armature":{"type":"collada.Armature","rootBone":{"id":"Armature_Bone","childs":[{"id":"Armature_Bone_001","childs":[],"transformation":{"matrix":[0.0,0.9999999,0.0,0.0,4.37114E-8,0.0,1.0,1.0,1.0,0.0,-4.37114E-8,0.0,0.0,0.0,0.0,1.0]},"weights":[],"inverseBindPose":{"matrix":[1.0,0.0,0.0,0.0,0.0,1.0,0.0,0.0,0.0,0.0,1.0,0.0,0.0,0.0,0.0,1.0]}}],"transformation":{"matrix":[1.0,0.0,0.0,0.0,0.0,0.0,-1.0,0.0,0.0,1.0,0.0,0.0,0.0,0.0,0.0,1.0]},"weights":[],"inverseBindPose":{"matrix":[1.0,0.0,0.0,0.0,0.0,1.0,0.0,0.0,0.0,0.0,1.0,0.0,0.0,0.0,0.0,1.0]}}},"animations":{"type":"collada.Animations","animations":[{"name":"action_container-Armature","keyFrames":[{"time":0.04166662,"transformations":{"Armature_Bone_001":{"matrix":[-1.78067E-7,0.006003329,-0.9999819,0.0,-1.3329E-7,0.999982,0.00600333,1.0,1.0,1.34356E-7,-1.77264E-7,0.0,0.0,0.0,0.0,1.0]}},"interpolation":"LINEAR"},{"time":0.08333331,"transformations":{"Armature_Bone_001":{"matrix":[-1.78053E-7,0.01380472,-0.9999046,0.0,-1.31901E-7,0.9999047,0.01380472,1.0,1.0,1.34346E-7,-1.76215E-7,0.0,0.0,0.0,0.0,1.0]}},"interpolation":"LINEAR"},{"time":0.125,"transformations":{"Armature_Bone_001":{"matrix":[-1.77952E-7,0.03641026,-0.9993368,0.0,-1.27875E-7,0.9993368,0.03641027,1.0,1.0,1.3427E-7,-1.73178E-7,0.0,0.0,0.0,0.0,1.0]}},"interpolation":"LINEAR"},{"time":0.1666666,"transformations":{"Armature_Bone_001":{"matrix":[-1.77598E-7,0.07274427,-0.9973506,0.0,-1.21405E-7,0.9973506,0.07274427,1.0,1.0,1.34003E-7,-1.68296E-7,0.0,0.0,0.0,0.0,1.0]}},"interpolation":"LINEAR"},{"time":0.2083333,"transformations":{"Armature_Bone_001":{"matrix":[-1.76745E-7,0.1217679,-0.9925584,0.0,-1.12676E-7,0.9925585,0.1217679,1.0,1.0,1.33359E-7,-1.6171E-7,0.0,0.0,0.0,0.0,1.0]}},"interpolation":"LINEAR"},{"time":0.25,"transformations":{"Armature_Bone_001":{"matrix":[-1.75086E-7,0.1823063,-0.9832417,0.0,-1.01896E-7,0.9832418,0.1823063,1.0,1.0,1.32107E-7,-1.53576E-7,0.0,0.0,0.0,0.0,1.0]}},"interpolation":"LINEAR"},{"time":0.2916666,"transformations":{"Armature_Bone_001":{"matrix":[-1.72282E-7,0.2528834,-0.9674968,0.0,-8.93278E-8,0.9674968,0.2528835,1.0,1.0,1.29992E-7,-1.44093E-7,0.0,0.0,0.0,0.0,1.0]}},"interpolation":"LINEAR"},{"time":0.3333333,"transformations":{"Armature_Bone_001":{"matrix":[-1.67996E-7,0.3315815,-0.9434264,0.0,-7.53141E-8,0.9434265,0.3315816,1.0,1.0,1.26758E-7,-1.33519E-7,0.0,0.0,0.0,0.0,1.0]}},"interpolation":"LINEAR"},{"time":0.375,"transformations":{"Armature_Bone_001":{"matrix":[-1.61934E-7,0.4159653,-0.9093805,0.0,-6.02878E-8,0.9093806,0.4159654,1.0,1.0,1.22183E-7,-1.22182E-7,0.0,0.0,0.0,0.0,1.0]}},"interpolation":"LINEAR"},{"time":0.4166666,"transformations":{"Armature_Bone_001":{"matrix":[-1.53892E-7,0.5031086,-0.8642231,0.0,-4.47702E-8,0.8642232,0.5031086,1.0,1.0,1.16116E-7,-1.10473E-7,0.0,0.0,0.0,0.0,1.0]}},"interpolation":"LINEAR"},{"time":0.4583333,"transformations":{"Armature_Bone_001":{"matrix":[-1.43808E-7,0.5897403,-0.8075928,0.0,-2.93437E-8,0.8075929,0.5897403,1.0,1.0,1.08507E-7,-9.88334E-8,0.0,0.0,0.0,0.0,1.0]}},"interpolation":"LINEAR"},{"time":0.5,"transformations":{"Armature_Bone_001":{"matrix":[-1.31787E-7,0.6725157,-0.7400829,0.0,-1.46038E-8,0.7400829,0.6725157,1.0,1.0,9.94367E-8,-8.77118E-8,0.0,0.0,0.0,0.0,1.0]}},"interpolation":"LINEAR"},{"time":0.5416667,"transformations":{"Armature_Bone_001":{"matrix":[-1.18112E-7,0.7483654,-0.6632866,0.0,-1.09725E-9,0.6632867,0.7483655,1.0,1.0,8.91185E-8,-7.75207E-8,0.0,0.0,0.0,0.0,1.0]}},"interpolation":"LINEAR"},{"time":0.5833333,"transformations":{"Armature_Bone_001":{"matrix":[-1.03224E-7,0.814844,-0.5796801,0.0,1.07406E-8,0.5796801,0.8148441,1.0,1.0,7.78852E-8,-6.85887E-8,0.0,0.0,0.0,0.0,1.0]}},"interpolation":"LINEAR"},{"time":0.625,"transformations":{"Armature_Bone_001":{"matrix":[-8.76734E-8,0.8703955,-0.492353,0.0,2.06327E-8,0.492353,0.8703956,1.0,1.0,6.6152E-8,-6.11249E-8,0.0,0.0,0.0,0.0,1.0]}},"interpolation":"LINEAR"},{"time":0.6666667,"transformations":{"Armature_Bone_001":{"matrix":[-7.20573E-8,0.9144687,-0.4046566,0.0,2.84808E-8,0.4046566,0.9144688,1.0,1.0,5.43692E-8,-5.52033E-8,0.0,0.0,0.0,0.0,1.0]}},"interpolation":"LINEAR"},{"time":0.7083333,"transformations":{"Armature_Bone_001":{"matrix":[-5.6957E-8,0.9474658,-0.3198568,0.0,3.43566E-8,0.3198568,0.9474659,1.0,1.0,4.29756E-8,-5.07698E-8,0.0,0.0,0.0,0.0,1.0]}},"interpolation":"LINEAR"},{"time":0.75,"transformations":{"Armature_Bone_001":{"matrix":[-4.28912E-8,0.9705582,-0.2408663,0.0,3.84687E-8,0.2408663,0.9705583,1.0,1.0,3.23626E-8,-4.76671E-8,0.0,0.0,0.0,0.0,1.0]}},"interpolation":"LINEAR"},{"time":0.7916667,"transformations":{"Armature_Bone_001":{"matrix":[-3.02897E-8,0.9854269,-0.1700992,0.0,4.11163E-8,0.1700992,0.985427,1.0,1.0,2.28544E-8,-4.56694E-8,0.0,0.0,0.0,0.0,1.0]}},"interpolation":"LINEAR"},{"time":0.8333333,"transformations":{"Armature_Bone_001":{"matrix":[-1.94898E-8,0.9939923,-0.10945,0.0,4.26416E-8,0.10945,0.9939923,1.0,1.0,1.47056E-8,-4.45186E-8,0.0,0.0,0.0,0.0,1.0]}},"interpolation":"LINEAR"},{"time":0.875,"transformations":{"Armature_Bone_001":{"matrix":[-1.07503E-8,0.998176,-0.06037077,0.0,4.33866E-8,0.06037077,0.998176,1.0,1.0,8.11138E-9,-4.39564E-8,0.0,0.0,0.0,0.0,1.0]}},"interpolation":"LINEAR"},{"time":0.9166667,"transformations":{"Armature_Bone_001":{"matrix":[-4.27636E-9,0.9997116,-0.02401469,0.0,4.366E-8,0.02401469,0.9997116,1.0,1.0,3.22665E-9,-4.37501E-8,0.0,0.0,0.0,0.0,1.0]}},"interpolation":"LINEAR"},{"time":0.9583333,"transformations":{"Armature_Bone_001":{"matrix":[-2.50058E-10,0.9999989,-0.001404156,0.0,4.37112E-8,0.001404156,0.999999,1.0,1.0,1.8868E-10,-4.37115E-8,0.0,0.0,0.0,0.0,1.0]}},"interpolation":"LINEAR"},{"time":1.0,"transformations":{"Armature_Bone_001":{"matrix":[1.13918E-9,0.9999795,0.006397572,0.0,4.37078E-8,-0.006397572,0.9999796,1.0,1.0,-8.59532E-10,-4.37142E-8,0.0,0.0,0.0,0.0,1.0]}},"interpolation":"LINEAR"}]}]},"cameras":[]}