{"mesh":{"vertices":[{"position":{"x":-1.0,"y":1.0,"z":1.0},"color":{"r":0.2196078,"g":0.2117647,"b":1.0,"a":1.0},"normal":{"x":0.0,"y":0.0,"z":1.0},"influence":{"data":[]}},{"position":{"x":1.0,"y":-1.0,"z":1.0},"color":{"r":0.2196078,"g":0.2117647,"b":1.0,"a":1.0},"normal":{"x":0.0,"y":0.0,"z":1.0},"influence":{"data":[]}},{"position":{"x":1.0,"y":1.0,"z":1.0},"color":{"r":0.2196078,"g":0.2117647,"b":1.0,"a":1.0},"normal":{"x":0.0,"y":0.0,"z":1.0},"influence":{"data":[]}},{"position":{"x":1.0,"y":-1.0,"z":1.0},"color":{"r":0.2196078,"g":0.2117647,"b":1.0,"a":1.0},"normal":{"x":0.0,"y":-1.0,"z":0.0},"influence":{"data":[]}},{"position":{"x":-1.0,"y":-1.0,"z":-1.0},"color":{"r":0.2196078,"g":0.2117647,"b":1.0,"a":1.0},"normal":{"x":0.0,"y":-1.0,"z":0.0},"influence":{"data":[]}},{"position":{"x":1.0,"y":-1.0,"z":-1.0},"color":{"r":0.2196078,"g":0.2117647,"b":1.0,"a":1.0},"normal":{"x":0.0,"y":-1.0,"z":0.0},"influence":{"data":[]}},{"position":{"x":-1.0,"y":-1.0,"z":1.0},"color":{"r":0.2196078,"g":0.2117647,"b":1.0,"a":1.0},"normal":{"x":-1.0,"y":0.0,"z":0.0},"influence":{"data":[]}},{"position":{"x":-1.0,"y":1.0,"z":-1.0},"color":{"r":0.2196078,"g":0.2117647,"b":1.0,"a":1.0},"normal":{"x":-1.0,"y":0.0,"z":0.0},"influence":{"data":[]}},{"position":{"x":-1.0,"y":-1.0,"z":-1.0},"color":{"r":0.2196078,"g":0.2117647,"b":1.0,"a":1.0},"normal":{"x":-1.0,"y":0.0,"z":0.0},"influence":{"data":[]}},{"position":{"x":1.0,"y":1.0,"z":-1.0},"color":{"r":0.2196078,"g":0.2117647,"b":1.0,"a":1.0},"normal":{"x":0.0,"y":0.0,"z":-1.0},"influence":{"data":[]}},{"position":{"x":-1.0,"y":-1.0,"z":-1.0},"color":{"r":0.2196078,"g":0.2117647,"b":1.0,"a":1.0},"normal":{"x":0.0,"y":0.0,"z":-1.0},"influence":{"data":[]}},{"position":{"x":-1.0,"y":1.0,"z":-1.0},"color":{"r":0.2196078,"g":0.2117647,"b":1.0,"a":1.0},"normal":{"x":0.0,"y":0.0,"z":-1.0},"influence":{"data":[]}},{"position":{"x":1.0,"y":1.0,"z":1.0},"color":{"r":0.2196078,"g":0.2117647,"b":1.0,"a":1.0},"normal":{"x":1.0,"y":0.0,"z":0.0},"influence":{"data":[]}},{"position":{"x":1.0,"y":-1.0,"z":-1.0},"color":{"r":0.2196078,"g":0.2117647,"b":1.0,"a":1.0},"normal":{"x":1.0,"y":0.0,"z":0.0},"influence":{"data":[]}},{"position":{"x":1.0,"y":1.0,"z":-1.0},"color":{"r":0.2196078,"g":0.2117647,"b":1.0,"a":1.0},"normal":{"x":1.0,"y":0.0,"z":0.0},"influence":{"data":[]}},{"position":{"x":-1.0,"y":1.0,"z":1.0},"color":{"r":0.2196078,"g":0.2117647,"b":1.0,"a":1.0},"normal":{"x":0.0,"y":1.0,"z":0.0},"influence":{"data":[]}},{"position":{"x":1.0,"y":1.0,"z":-1.0},"color":{"r":0.2196078,"g":0.2117647,"b":1.0,"a":1.0},"normal":{"x":0.0,"y":1.0,"z":0.0},"influence":{"data":[]}},{"position":{"x":-1.0,"y":1.0,"z":-1.0},"color":{"r":0.2196078,"g":0.2117647,"b":1.0,"a":1.0},"normal":{"x":0.0,"y":1.0,"z":0.0},"influence":{"data":[]}},{"position":{"x":-1.0,"y":1.0,"z":1.0},"color":{"r":0.2196078,"g":0.2117647,"b":1.0,"a":1.0},"normal":{"x":0.0,"y":0.0,"z":1.0},"influence":{"data":[]}},{"position":{"x":-1.0,"y":-1.0,"z":1.0},"color":{"r":0.2196078,"g":0.2117647,"b":1.0,"a":1.0},"normal":{"x":0.0,"y":0.0,"z":1.0},"influence":{"data":[]}},{"position":{"x":1.0,"y":-1.0,"z":1.0},"color":{"r":0.2196078,"g":0.2117647,"b":1.0,"a":1.0},"normal":{"x":0.0,"y":0.0,"z":1.0},"influence":{"data":[]}},{"position":{"x":1.0,"y":-1.0,"z":1.0},"color":{"r":0.2196078,"g":0.2117647,"b":1.0,"a":1.0},"normal":{"x":0.0,"y":-1.0,"z":0.0},"influence":{"data":[]}},{"position":{"x":-1.0,"y":-1.0,"z":1.0},"color":{"r":0.2196078,"g":0.2117647,"b":1.0,"a":1.0},"normal":{"x":0.0,"y":-1.0,"z":0.0},"influence":{"data":[]}},{"position":{"x":-1.0,"y":-1.0,"z":-1.0},"color":{"r":0.2196078,"g":0.2117647,"b":1.0,"a":1.0},"normal":{"x":0.0,"y":-1.0,"z":0.0},"influence":{"data":[]}},{"position":{"x":-1.0,"y":-1.0,"z":1.0},"color":{"r":0.2196078,"g":0.2117647,"b":1.0,"a":1.0},"normal":{"x":-1.0,"y":0.0,"z":0.0},"influence":{"data":[]}},{"position":{"x":-1.0,"y":1.0,"z":1.0},"color":{"r":0.2196078,"g":0.2117647,"b":1.0,"a":1.0},"normal":{"x":-1.0,"y":0.0,"z":0.0},"influence":{"data":[]}},{"position":{"x":-1.0,"y":1.0,"z":-1.0},"color":{"r":0.2196078,"g":0.2117647,"b":1.0,"a":1.0},"normal":{"x":-1.0,"y":0.0,"z":0.0},"influence":{"data":[]}},{"position":{"x":1.0,"y":1.0,"z":-1.0},"color":{"r":0.2196078,"g":0.2117647,"b":1.0,"a":1.0},"normal":{"x":0.0,"y":0.0,"z":-1.0},"influence":{"data":[]}},{"position":{"x":1.0,"y":-1.0,"z":-1.0},"color":{"r":0.2196078,"g":0.2117647,"b":1.0,"a":1.0},"normal":{"x":0.0,"y":0.0,"z":-1.0},"influence":{"data":[]}},{"position":{"x":-1.0,"y":-1.0,"z":-1.0},"color":{"r":0.2196078,"g":0.2117647,"b":1.0,"a":1.0},"normal":{"x":0.0,"y":0.0,"z":-1.0},"influence":{"data":[]}},{"position":{"x":1.0,"y":1.0,"z":1.0},"color":{"r":0.2196078,"g":0.2117647,"b":1.0,"a":1.0},"normal":{"x":1.0,"y":0.0,"z":0.0},"influence":{"data":[]}},{"position":{"x":1.0,"y":-1.0,"z":1.0},"color":{"r":0.2196078,"g":0.2117647,"b":1.0,"a":1.0},"normal":{"x":1.0,"y":0.0,"z":0.0},"influence":{"data":[]}},{"position":{"x":1.0,"y":-1.0,"z":-1.0},"color":{"r":0.2196078,"g":0.2117647,"b":1.0,"a":1.0},"normal":{"x":1.0,"y":0.0,"z":0.0},"influence":{"data":[]}},{"position":{"x":-1.0,"y":1.0,"z":1.0},"color":{"r":0.2196078,"g":0.2117647,"b":1.0,"a":1.0},"normal":{"x":0.0,"y":1.0,"z":0.0},"influence":{"data":[]}},{"position":{"x":1.0,"y":1.0,"z":1.0},"color":{"r":0.2196078,"g":0.2117647,"b":1.0,"a":1.0},"normal":{"x":0.0,"y":1.0,"z":0.0},"influence":{"data":[]}},{"position":{"x":1.0,"y":1.0,"z":-1.0},"color":{"r":0.2196078,"g":0.2117647,"b":1.0,"a":1.0},"normal":{"x":0.0,"y":1.0,"z":0.0},"influence":{"data":[]}}],"verticesOrder":[0,1,2,3,4,5,6,7,8,9,10,11,12,13,14,15,16,17,18,19,20,21,22,23,24,25,26,27,28,29,30,31,32,33,34,35]},"armature":{"type":"collada.Armature","rootBone":{"id":"Armature_Bone","childs":[{"id":"Armature_Bone_001","childs":[{"id":"Armature_Bone_002","childs":[{"id":"Armature_Bone_003","childs":[{"id":"Armature_Bone_004","childs":[{"id":"Armature_Bone_005","childs":[{"id":"Armature_Bone_006","childs":[{"id":"Armature_Bone_007","childs":[],"transformation":{"matrix":[0.7427201,0.669602,-9.76998E-8,2.38419E-7,-0.669602,0.7427202,2.18879E-7,2.025924,2.19125E-7,-9.71457E-8,1.0,0.0,0.0,0.0,0.0,1.0]},"weights":[]}],"transformation":{"matrix":[0.3831151,0.9237007,1.30296E-7,0.0,-0.9237006,0.3831151,1.3401E-7,2.149384,7.38669E-8,-1.71696E-7,1.0,4.26326E-14,0.0,0.0,0.0,1.0]},"weights":[]}],"transformation":{"matrix":[0.4907985,0.8712731,3.5199E-8,8.9407E-8,-0.871273,0.4907986,1.61951E-7,1.823581,1.23828E-7,-1.10153E-7,1.0,0.0,0.0,0.0,0.0,1.0]},"weights":[]}],"transformation":{"matrix":[0.7250228,0.6887248,-1.83834E-7,1.19209E-7,-0.6887249,0.7250228,8.7074E-8,1.314528,1.93254E-7,6.34804E-8,1.0,2.84217E-14,0.0,0.0,0.0,1.0]},"weights":[]}],"transformation":{"matrix":[0.49299,0.8700351,-9.04084E-8,1.19209E-7,-0.870035,0.4929899,-8.01919E-8,1.254239,-2.51993E-8,1.18192E-7,1.0,0.0,0.0,0.0,0.0,1.0]},"weights":[]}],"transformation":{"matrix":[0.06905901,0.9976126,2.06585E-7,-5.96046E-8,-0.9976127,0.06905901,-1.35523E-7,1.074403,-1.49466E-7,-1.96733E-7,1.0,0.0,0.0,0.0,0.0,1.0]},"weights":[]}],"transformation":{"matrix":[0.6065369,0.7950553,-1.19611E-7,0.0,-0.7950553,0.606537,2.2429E-8,1.0,9.0381E-8,8.14936E-8,1.0,0.0,0.0,0.0,0.0,1.0]},"weights":[]}],"transformation":{"matrix":[1.0,0.0,0.0,0.0,0.0,0.0,-1.0,1.30152E-7,0.0,1.0,0.0,-0.9686914,0.0,0.0,0.0,1.0]},"weights":[]}},"animations":{"type":"collada.Animations","animations":[{"name":"action_container-Armature","keyFrames":[{"time":0.04166662,"transformations":{"Armature_Bone_001":{"matrix":[-0.06071365,0.9981552,1.1973E-8,0.0,-0.9981553,-0.06071362,6.24811E-8,1.0,6.30927E-8,-8.15743E-9,1.0,0.0,0.0,0.0,0.0,1.0]},"Armature_Bone_002":{"matrix":[0.02623405,0.9996558,2.00768E-7,0.0,-0.9996558,0.02623411,-1.35801E-7,1.074403,-1.41021E-7,-1.97136E-7,1.0,0.0,0.0,0.0,0.0,1.0]},"Armature_Bone_003":{"matrix":[0.5793341,0.8150902,-8.245E-8,0.0,-0.8150902,0.5793341,-7.51277E-8,1.254239,-1.34698E-8,1.10728E-7,1.0,0.0,0.0,0.0,0.0,1.0]},"Armature_Bone_004":{"matrix":[-0.04320741,0.9990662,-8.67083E-8,-2.08616E-7,-0.9990662,-0.04320756,1.2631E-7,1.314528,1.22445E-7,9.20849E-8,1.0,5.68434E-14,0.0,0.0,0.0,1.0]},"Armature_Bone_005":{"matrix":[0.526283,0.8503096,2.86031E-8,0.0,-0.8503096,0.526283,1.58054E-7,1.823581,1.19342E-7,-1.07503E-7,1.0,-3.55271E-14,0.0,0.0,0.0,1.0]},"Armature_Bone_006":{"matrix":[-0.2505782,0.9680964,2.22232E-7,-2.6077E-8,-0.9680964,-0.2505781,1.40451E-7,2.149383,1.91657E-7,-1.79948E-7,1.0,1.42109E-14,0.0,0.0,0.0,1.0]},"Armature_Bone_007":{"matrix":[0.6657062,0.7462141,-7.25256E-8,0.0,-0.746214,0.6657062,2.43922E-7,2.025924,2.30298E-7,-1.08261E-7,1.0,1.77636E-15,0.0,0.0,0.0,1.0]}},"interpolation":"LINEAR"},{"time":0.08333331,"transformations":{"Armature_Bone_001":{"matrix":[-0.0578855,0.9983232,1.14152E-8,0.0,-0.9983233,-0.05788544,6.25142E-8,1.0,6.30702E-8,-7.77743E-9,1.0,0.0,0.0,0.0,0.0,1.0]},"Armature_Bone_002":{"matrix":[0.02880317,0.9995852,2.00765E-7,3.72529E-9,-0.9995852,0.02880323,-1.35809E-7,1.074403,-1.41535E-7,-1.9677E-7,1.0,0.0,0.0,0.0,0.0,1.0]},"Armature_Bone_003":{"matrix":[0.5810581,0.8138621,-8.24528E-8,1.19209E-7,-0.8138621,0.581058,-7.51177E-8,1.254239,-1.32256E-8,1.10753E-7,1.0,-2.84217E-14,0.0,0.0,0.0,1.0]},"Armature_Bone_004":{"matrix":[-0.04043525,0.9991822,-8.67063E-8,-8.00937E-8,-0.9991821,-0.04043525,1.26467E-7,1.314528,1.22858E-7,9.17491E-8,1.0,-2.84217E-14,0.0,0.0,0.0,1.0]},"Armature_Bone_005":{"matrix":[0.5274501,0.849586,2.8605E-8,0.0,-0.849586,0.5274502,1.58049E-7,1.823581,1.19189E-7,-1.07665E-7,1.0,-2.84217E-14,0.0,0.0,0.0,1.0]},"Armature_Bone_006":{"matrix":[-0.2476559,0.968848,2.22231E-7,4.84288E-8,-0.968848,-0.2476559,1.4059E-7,2.149383,1.91248E-7,-1.8049E-7,1.0,1.42109E-14,0.0,0.0,0.0,1.0]},"Armature_Bone_007":{"matrix":[0.6704428,0.7419611,-7.40739E-8,0.0,-0.7419611,0.6704429,2.42531E-7,2.025924,2.29611E-7,-1.07644E-7,1.0,-2.4869E-14,0.0,0.0,0.0,1.0]}},"interpolation":"LINEAR"},{"time":0.125,"transformations":{"Armature_Bone_001":{"matrix":[-0.04957554,0.9987704,9.77649E-9,0.0,-0.9987705,-0.04957548,6.26024E-8,1.0,6.30101E-8,-6.66091E-9,1.0,0.0,0.0,0.0,0.0,1.0]},"Armature_Bone_002":{"matrix":[0.03634498,0.9993393,2.00758E-7,3.72529E-9,-0.9993393,0.03634503,-1.35831E-7,1.074403,-1.43038E-7,-1.95689E-7,1.0,1.42109E-14,0.0,0.0,0.0,1.0]},"Armature_Bone_003":{"matrix":[0.5861011,0.8102378,-8.24614E-8,0.0,-0.8102378,0.5861011,-7.50884E-8,1.254239,-1.25087E-8,1.10823E-7,1.0,0.0,0.0,0.0,0.0,1.0]},"Armature_Bone_004":{"matrix":[-0.03229174,0.9994786,-8.67027E-8,1.04308E-7,-0.9994786,-0.03229186,1.2693E-7,1.314528,1.24064E-7,9.07564E-8,1.0,0.0,0.0,0.0,0.0,1.0]},"Armature_Bone_005":{"matrix":[0.5308664,0.8474554,2.86105E-8,-5.96046E-8,-0.8474555,0.5308664,1.58034E-7,1.823581,1.18739E-7,-1.08141E-7,1.0,7.10543E-15,0.0,0.0,0.0,1.0]},"Armature_Bone_006":{"matrix":[-0.239056,0.9710058,2.22228E-7,2.98023E-8,-0.9710058,-0.2390559,1.41E-7,2.149383,1.90037E-7,-1.82078E-7,1.0,-2.13163E-14,0.0,0.0,0.0,1.0]},"Armature_Bone_007":{"matrix":[0.6838469,0.7296255,-7.84554E-8,1.19209E-7,-0.7296255,0.683847,2.38499E-7,2.025924,2.27667E-7,-1.05854E-7,1.0,0.0,0.0,0.0,0.0,1.0]}},"interpolation":"LINEAR"},{"time":0.1666666,"transformations":{"Armature_Bone_001":{"matrix":[-0.03601682,0.9993511,7.10266E-9,0.0,-0.9993511,-0.03601676,6.27169E-8,1.0,6.29321E-8,-4.83918E-9,1.0,0.0,0.0,0.0,0.0,1.0]},"Armature_Bone_002":{"matrix":[0.04862708,0.9988171,2.00747E-7,0.0,-0.9988171,0.04862714,-1.35868E-7,1.074403,-1.45469E-7,-1.93902E-7,1.0,0.0,0.0,0.0,0.0,1.0]},"Armature_Bone_003":{"matrix":[0.5942578,0.8042747,-8.24757E-8,0.0,-0.8042747,0.5942578,-7.50407E-8,1.254239,-1.13415E-8,1.10927E-7,1.0,-5.68434E-14,0.0,0.0,0.0,1.0]},"Armature_Bone_004":{"matrix":[-0.01901051,0.9998193,-8.67051E-8,-1.60187E-7,-0.9998193,-0.01901057,1.27685E-7,1.314528,1.26014E-7,8.91168E-8,1.0,2.84217E-14,0.0,0.0,0.0,1.0]},"Armature_Bone_005":{"matrix":[0.5363985,0.8439648,2.86194E-8,5.96046E-8,-0.8439648,0.5363986,1.58011E-7,1.823582,1.18004E-7,-1.0891E-7,1.0,7.10543E-15,0.0,0.0,0.0,1.0]},"Armature_Bone_006":{"matrix":[-0.2250077,0.9743571,2.22221E-7,1.04308E-7,-0.9743571,-0.2250077,1.41667E-7,2.149384,1.88036E-7,-1.84646E-7,1.0,0.0,0.0,0.0,0.0,1.0]},"Armature_Bone_007":{"matrix":[0.7045659,0.7096386,-8.5228E-8,0.0,-0.7096386,0.7045659,2.31966E-7,2.025924,2.24661E-7,-1.02954E-7,1.0,1.06581E-14,0.0,0.0,0.0,1.0]}},"interpolation":"LINEAR"},{"time":0.2083333,"transformations":{"Armature_Bone_001":{"matrix":[-0.01741561,0.9998484,3.43442E-9,0.0,-0.9998484,-0.01741555,6.2815E-8,1.0,6.28652E-8,-2.33995E-9,1.0,0.0,0.0,0.0,0.0,1.0]},"Armature_Bone_002":{"matrix":[0.06543188,0.9978571,2.00732E-7,0.0,-0.9978571,0.06543194,-1.35918E-7,1.074403,-1.48761E-7,-1.91409E-7,1.0,0.0,0.0,0.0,0.0,1.0]},"Armature_Bone_003":{"matrix":[0.6053067,0.7959923,-8.2496E-8,0.0,-0.7959923,0.6053067,-7.49759E-8,1.254239,-9.74486E-9,1.1105E-7,1.0,-2.84217E-14,0.0,0.0,0.0,1.0]},"Armature_Bone_004":{"matrix":[-8.01027E-4,0.9999996,-8.67246E-8,0.0,-0.9999996,-8.01027E-4,1.2872E-7,1.314528,1.2865E-7,8.68276E-8,1.0,-2.84217E-14,0.0,0.0,0.0,1.0]},"Armature_Bone_005":{"matrix":[0.5439064,0.839146,2.8632E-8,-1.19209E-7,-0.839146,0.5439064,1.57978E-7,1.823581,1.16994E-7,-1.09952E-7,1.0,1.42109E-14,0.0,0.0,0.0,1.0]},"Armature_Bone_006":{"matrix":[-0.2057188,0.9786111,2.22204E-7,2.98023E-8,-0.9786112,-0.2057188,1.42581E-7,2.149383,1.85243E-7,-1.88119E-7,1.0,2.13163E-14,0.0,0.0,0.0,1.0]},"Armature_Bone_007":{"matrix":[0.7310893,0.6822818,-9.38979E-8,5.96046E-8,-0.6822817,0.7310894,2.23023E-7,2.025924,2.20813E-7,-9.89852E-8,1.0,4.44089E-15,0.0,0.0,0.0,1.0]}},"interpolation":"LINEAR"},{"time":0.25,"transformations":{"Armature_Bone_001":{"matrix":[0.006037682,0.9999818,-1.19064E-9,0.0,-0.9999818,0.006037742,6.28413E-8,1.0,6.28473E-8,8.11198E-10,1.0,0.0,0.0,0.0,0.0,1.0]},"Armature_Bone_002":{"matrix":[0.08654775,0.9962477,2.00715E-7,2.32831E-9,-0.9962477,0.08654781,-1.35982E-7,1.074403,-1.52843E-7,-1.88193E-7,1.0,-1.42109E-14,0.0,0.0,0.0,1.0]},"Armature_Bone_003":{"matrix":[0.6190107,0.7853826,-8.25227E-8,0.0,-0.7853826,0.6190107,-7.48949E-8,1.254239,-7.73872E-9,1.11173E-7,1.0,0.0,0.0,0.0,0.0,1.0]},"Armature_Bone_004":{"matrix":[0.02214003,0.9997548,-8.67759E-8,1.3411E-7,-0.9997548,0.02214006,1.30023E-7,1.314528,1.31912E-7,8.38759E-8,1.0,0.0,0.0,0.0,0.0,1.0]},"Armature_Bone_005":{"matrix":[0.5532437,0.8330194,2.86481E-8,-5.96046E-8,-0.8330195,0.5532437,1.57938E-7,1.823581,1.15716E-7,-1.11242E-7,1.0,-4.26326E-14,0.0,0.0,0.0,1.0]},"Armature_Bone_006":{"matrix":[-0.1813848,0.9834121,2.22168E-7,5.96046E-8,-0.9834121,-0.1813847,1.43728E-7,2.149383,1.81642E-7,-1.92413E-7,1.0,7.10543E-15,0.0,0.0,0.0,1.0]},"Armature_Bone_007":{"matrix":[0.7617877,0.647827,-1.03933E-7,5.96046E-8,-0.6478269,0.7617877,2.11761E-7,2.025924,2.16359E-7,-9.39865E-8,1.0,8.88178E-15,0.0,0.0,0.0,1.0]}},"interpolation":"LINEAR"},{"time":0.2916666,"transformations":{"Armature_Bone_001":{"matrix":[0.03415284,0.9994166,-6.73505E-9,0.0,-0.9994166,0.0341529,6.27298E-8,1.0,6.29233E-8,4.58871E-9,1.0,0.0,0.0,0.0,0.0,1.0]},"Armature_Bone_002":{"matrix":[0.1117595,0.9937353,2.00696E-7,0.0,-0.9937353,0.1117596,-1.36058E-7,1.074403,-1.57636E-7,-1.84233E-7,1.0,0.0,0.0,0.0,0.0,1.0]},"Armature_Bone_003":{"matrix":[0.6351159,0.7724169,-8.25564E-8,-1.19209E-7,-0.7724169,0.6351159,-7.4799E-8,1.254239,-5.34305E-9,1.11274E-7,1.0,-2.84217E-14,0.0,0.0,0.0,1.0]},"Armature_Bone_004":{"matrix":[0.04961631,0.9987683,-8.68768E-8,-5.96046E-8,-0.9987684,0.04961628,1.31582E-7,1.314528,1.3573E-7,8.02412E-8,1.0,0.0,0.0,0.0,0.0,1.0]},"Armature_Bone_005":{"matrix":[0.5642587,0.825598,2.86678E-8,0.0,-0.825598,0.5642587,1.5789E-7,1.823581,1.14178E-7,-1.12759E-7,1.0,0.0,0.0,0.0,0.0,1.0]},"Armature_Bone_006":{"matrix":[-0.1522018,0.9883494,2.22103E-7,-5.96046E-8,-0.9883494,-0.1522018,1.45097E-7,2.149383,1.77211E-7,-1.97431E-7,1.0,-2.84217E-14,0.0,0.0,0.0,1.0]},"Armature_Bone_007":{"matrix":[0.7949616,0.6066595,-1.14776E-7,8.9407E-8,-0.6066595,0.7949617,1.98304E-7,2.025924,2.11546E-7,-8.8014E-8,1.0,0.0,0.0,0.0,0.0,1.0]}},"interpolation":"LINEAR"},{"time":0.3333333,"transformations":{"Armature_Bone_001":{"matrix":[0.06672639,0.9977713,-1.31587E-8,0.0,-0.9977714,0.06672639,6.24054E-8,1.0,6.31443E-8,8.96527E-9,1.0,0.0,0.0,0.0,0.0,1.0]},"Armature_Bone_002":{"matrix":[0.1408385,0.9900326,2.00677E-7,-7.45058E-9,-0.9900326,0.1408386,-1.36147E-7,1.074403,-1.63053E-7,-1.79502E-7,1.0,1.42109E-14,0.0,0.0,0.0,1.0]},"Armature_Bone_003":{"matrix":[0.6533512,0.7570549,-8.25978E-8,0.0,-0.757055,0.6533512,-7.46892E-8,1.254239,-2.57844E-9,1.11329E-7,1.0,0.0,0.0,0.0,0.0,1.0]},"Armature_Bone_004":{"matrix":[0.08141661,0.9966801,-8.70474E-8,-8.9407E-8,-0.9966802,0.08141664,1.33385E-7,1.314528,1.40029E-7,7.58986E-8,1.0,2.84217E-14,0.0,0.0,0.0,1.0]},"Armature_Bone_005":{"matrix":[0.5767944,0.8168894,2.86913E-8,-5.96046E-8,-0.8168894,0.5767944,1.57835E-7,1.823582,1.12385E-7,-1.14476E-7,1.0,1.42109E-14,0.0,0.0,0.0,1.0]},"Armature_Bone_006":{"matrix":[-0.1183761,0.9929689,2.21994E-7,-1.19209E-7,-0.9929689,-0.1183761,1.46676E-7,2.149383,1.71923E-7,-2.0307E-7,1.0,1.42109E-14,0.0,0.0,0.0,1.0]},"Armature_Bone_007":{"matrix":[0.8289124,0.5593784,-1.25874E-7,-7.45058E-9,-0.5593784,0.8289126,1.82849E-7,2.025924,2.0662E-7,-8.11544E-8,1.0,7.10543E-15,0.0,0.0,0.0,1.0]}},"interpolation":"LINEAR"},{"time":0.375,"transformations":{"Armature_Bone_001":{"matrix":[0.1035266,0.9946268,-2.04158E-8,0.0,-0.9946268,0.1035267,6.17853E-8,1.0,6.35668E-8,1.39097E-8,1.0,0.0,0.0,0.0,0.0,1.0]},"Armature_Bone_002":{"matrix":[0.1735334,0.984828,2.00658E-7,-2.23517E-8,-0.984828,0.1735335,-1.36249E-7,1.074403,-1.69002E-7,-1.7397E-7,1.0,0.0,0.0,0.0,0.0,1.0]},"Armature_Bone_003":{"matrix":[0.6734282,0.7392528,-8.26475E-8,-1.19209E-7,-0.7392527,0.6734281,-7.45669E-8,1.254239,5.33376E-10,1.11313E-7,1.0,0.0,0.0,0.0,0.0,1.0]},"Armature_Bone_004":{"matrix":[0.117304,0.993096,-8.73095E-8,0.0,-0.9930961,0.1173041,1.35417E-7,1.314528,1.44724E-7,7.08217E-8,1.0,-2.84217E-14,0.0,0.0,0.0,1.0]},"Armature_Bone_005":{"matrix":[0.5906886,0.8068996,2.87186E-8,1.49012E-7,-0.8068996,0.5906887,1.57775E-7,1.823581,1.10345E-7,-1.16369E-7,1.0,-5.68434E-14,0.0,0.0,0.0,1.0]},"Armature_Bone_006":{"matrix":[-0.08013786,0.9967837,2.21828E-7,0.0,-0.9967837,-0.08013777,1.4845E-7,2.149383,1.6575E-7,-2.09218E-7,1.0,-1.42109E-14,0.0,0.0,0.0,1.0]},"Armature_Bone_007":{"matrix":[0.8620283,0.5068601,-1.36699E-7,2.98023E-8,-0.5068601,0.8620284,1.65682E-7,2.025924,2.01816E-7,-7.35351E-8,1.0,0.0,0.0,0.0,0.0,1.0]}},"interpolation":"LINEAR"},{"time":0.4166666,"transformations":{"Armature_Bone_001":{"matrix":[0.1442794,0.989537,-2.84524E-8,0.0,-0.9895371,0.1442794,6.07815E-8,1.0,6.42507E-8,1.93852E-8,1.0,0.0,0.0,0.0,0.0,1.0]},"Armature_Bone_002":{"matrix":[0.2095606,0.9777956,2.00641E-7,1.49012E-8,-0.9777956,0.2095606,-1.36362E-7,1.074403,-1.7538E-7,-1.6761E-7,1.0,0.0,0.0,0.0,0.0,1.0]},"Armature_Bone_003":{"matrix":[0.6950407,0.7189702,-8.27061E-8,1.19209E-7,-0.7189702,0.6950407,-7.44333E-8,1.254239,3.96874E-9,1.11197E-7,1.0,0.0,0.0,0.0,0.0,1.0]},"Armature_Bone_004":{"matrix":[0.157001,0.9875984,-8.76866E-8,0.0,-0.9875984,0.157001,1.37663E-7,1.314528,1.49723E-7,6.49859E-8,1.0,2.84217E-14,0.0,0.0,0.0,1.0]},"Armature_Bone_005":{"matrix":[0.6057752,0.7956359,2.87498E-8,1.3411E-7,-0.7956359,0.6057752,1.57708E-7,1.823582,1.08062E-7,-1.1841E-7,1.0,2.84217E-14,0.0,0.0,0.0,1.0]},"Armature_Bone_006":{"matrix":[-0.03774989,0.9992872,2.21588E-7,1.19209E-7,-0.9992873,-0.03774983,1.50406E-7,2.149384,1.58664E-7,-2.15752E-7,1.0,-1.42109E-14,0.0,0.0,0.0,1.0]},"Armature_Bone_007":{"matrix":[0.8928856,0.4502838,-1.46786E-7,0.0,-0.4502838,0.8928856,1.47188E-7,2.025924,1.97339E-7,-6.5327E-8,1.0,0.0,0.0,0.0,0.0,1.0]}},"interpolation":"LINEAR"},{"time":0.4583333,"transformations":{"Armature_Bone_001":{"matrix":[0.1886556,0.9820433,-3.72036E-8,0.0,-0.9820433,0.1886556,5.93038E-8,1.0,6.52575E-8,2.53475E-8,1.0,0.0,0.0,0.0,0.0,1.0]},"Armature_Bone_002":{"matrix":[0.2485973,0.9686069,2.00627E-7,1.49012E-8,-0.9686069,0.2485974,-1.36486E-7,1.074403,-1.82077E-7,-1.60399E-7,1.0,0.0,0.0,0.0,0.0,1.0]},"Armature_Bone_003":{"matrix":[0.7178672,0.6961802,-8.27744E-8,1.19209E-7,-0.6961802,0.7178671,-7.42901E-8,1.254239,7.70173E-9,1.10956E-7,1.0,2.84217E-14,0.0,0.0,0.0,1.0]},"Armature_Bone_004":{"matrix":[0.2001786,0.9797594,-8.82024E-8,-1.19209E-7,-0.9797593,0.2001787,1.40103E-7,1.314528,1.54924E-7,5.83714E-8,1.0,0.0,0.0,0.0,0.0,1.0]},"Armature_Bone_005":{"matrix":[0.6218842,0.7831093,2.8785E-8,8.9407E-8,-0.7831092,0.6218843,1.57637E-7,1.823581,1.05546E-7,-1.20574E-7,1.0,0.0,0.0,0.0,0.0,1.0]},"Armature_Bone_006":{"matrix":[0.008482337,0.999964,2.2126E-7,0.0,-0.9999641,0.008482426,1.52528E-7,2.149383,1.50645E-7,-2.22546E-7,1.0,2.13163E-14,0.0,0.0,0.0,1.0]},"Armature_Bone_007":{"matrix":[0.9203442,0.3911091,-1.55761E-7,-6.89179E-8,-0.391109,0.9203444,1.27845E-7,2.025924,1.93356E-7,-5.6742E-8,1.0,-2.84217E-14,0.0,0.0,0.0,1.0]}},"interpolation":"LINEAR"},{"time":0.5,"transformations":{"Armature_Bone_001":{"matrix":[0.236259,0.9716901,-4.65911E-8,0.0,-0.9716902,0.236259,5.72621E-8,1.0,6.66486E-8,3.17435E-8,1.0,0.0,0.0,0.0,0.0,1.0]},"Armature_Bone_002":{"matrix":[0.2902754,0.9569432,2.00618E-7,-2.98023E-8,-0.9569432,0.2902755,-1.3662E-7,1.074403,-1.88973E-7,-1.52323E-7,1.0,-1.42109E-14,0.0,0.0,0.0,1.0]},"Armature_Bone_003":{"matrix":[0.7415711,0.6708744,-8.28529E-8,0.0,-0.6708744,0.7415709,-7.41386E-8,1.254239,1.17036E-8,1.10563E-7,1.0,0.0,0.0,0.0,0.0,1.0]},"Armature_Bone_004":{"matrix":[0.2464474,0.9691562,-8.88802E-8,-1.19209E-7,-0.9691562,0.2464473,1.42714E-7,1.314528,1.60217E-7,5.09673E-8,1.0,-2.84217E-14,0.0,0.0,0.0,1.0]},"Armature_Bone_005":{"matrix":[0.6388431,0.7693369,2.88243E-8,-4.47035E-8,-0.7693369,0.6388432,1.57562E-7,1.823581,1.02804E-7,-1.22833E-7,1.0,0.0,0.0,0.0,0.0,1.0]},"Armature_Bone_006":{"matrix":[0.05820456,0.9983046,2.20829E-7,-1.19209E-7,-0.9983046,0.05820453,1.54798E-7,2.149383,1.41682E-7,-2.29464E-7,1.0,0.0,0.0,0.0,0.0,1.0]},"Armature_Bone_007":{"matrix":[0.9436249,0.3310167,-1.63371E-7,0.0,-0.3310167,0.943625,1.08202E-7,2.025924,1.89978E-7,-4.80238E-8,1.0,0.0,0.0,0.0,0.0,1.0]}},"interpolation":"LINEAR"},{"time":0.5416667,"transformations":{"Armature_Bone_001":{"matrix":[0.28662,0.9580444,-5.65225E-8,0.0,-0.9580444,0.2866201,5.45711E-8,1.0,6.8482E-8,3.85099E-8,1.0,0.0,0.0,0.0,0.0,1.0]},"Armature_Bone_002":{"matrix":[0.3341783,0.9425099,2.00615E-7,2.98023E-8,-0.9425098,0.3341783,-1.36764E-7,1.074403,-1.95943E-7,-1.43378E-7,1.0,0.0,0.0,0.0,0.0,1.0]},"Armature_Bone_003":{"matrix":[0.7658058,0.6430718,-8.29421E-8,0.0,-0.6430718,0.7658058,-7.39806E-8,1.254239,1.59427E-8,1.09992E-7,1.0,0.0,0.0,0.0,0.0,1.0]},"Armature_Bone_004":{"matrix":[0.2953491,0.9553894,-8.9742E-8,1.19209E-7,-0.9553894,0.2953491,1.45469E-7,1.314528,1.65485E-7,4.27743E-8,1.0,2.84217E-14,0.0,0.0,0.0,1.0]},"Armature_Bone_005":{"matrix":[0.6564783,0.7543449,2.88677E-8,-1.11759E-7,-0.7543449,0.6564782,1.57483E-7,1.823582,9.98452E-8,-1.2516E-7,1.0,-5.68434E-14,0.0,0.0,0.0,1.0]},"Armature_Bone_006":{"matrix":[0.1110086,0.9938195,2.2028E-7,0.0,-0.9938195,0.1110087,1.57198E-7,2.149383,1.31773E-7,-2.36369E-7,1.0,-4.26326E-14,0.0,0.0,0.0,1.0]},"Armature_Bone_007":{"matrix":[0.9623482,0.2718199,-1.69492E-7,-5.96046E-8,-0.2718199,0.9623482,8.88522E-8,2.025924,1.87262E-7,-3.94356E-8,1.0,-2.84217E-14,0.0,0.0,0.0,1.0]}},"interpolation":"LINEAR"},{"time":0.5833333,"transformations":{"Armature_Bone_001":{"matrix":[0.3391921,0.9407172,-6.68899E-8,0.0,-0.9407172,0.3391922,5.11541E-8,1.0,7.08101E-8,4.55734E-8,1.0,0.0,0.0,0.0,0.0,1.0]},"Armature_Bone_002":{"matrix":[0.3798409,0.9250519,2.00619E-7,2.98023E-8,-0.9250518,0.379841,-1.36916E-7,1.074403,-2.02858E-7,-1.33576E-7,1.0,-1.42109E-14,0.0,0.0,0.0,1.0]},"Armature_Bone_003":{"matrix":[0.7902193,0.6128243,-8.30424E-8,-1.19209E-7,-0.6128243,0.7902192,-7.38178E-8,1.254239,2.03843E-8,1.09223E-7,1.0,2.84217E-14,0.0,0.0,0.0,1.0]},"Armature_Bone_004":{"matrix":[0.346357,0.9381028,-9.08072E-8,-1.19209E-7,-0.9381028,0.3463571,1.48339E-7,1.314528,1.70609E-7,3.38084E-8,1.0,5.68434E-14,0.0,0.0,0.0,1.0]},"Armature_Bone_005":{"matrix":[0.6746151,0.7381696,2.89153E-8,-1.63913E-7,-0.7381696,0.6746153,1.57401E-7,1.823581,9.66818E-8,-1.27529E-7,1.0,0.0,0.0,0.0,0.0,1.0]},"Armature_Bone_006":{"matrix":[0.1664329,0.9860528,2.19601E-7,0.0,-0.9860528,0.166433,1.59708E-7,2.149383,1.20932E-7,-2.43119E-7,1.0,0.0,0.0,0.0,0.0,1.0]},"Armature_Bone_007":{"matrix":[0.9765333,0.2153669,-1.74128E-7,1.19209E-7,-0.2153669,0.9765333,7.03989E-8,2.025924,1.85204E-7,-3.12454E-8,1.0,1.42109E-14,0.0,0.0,0.0,1.0]}},"interpolation":"LINEAR"},{"time":0.625,"transformations":{"Armature_Bone_001":{"matrix":[0.3933542,0.919387,-7.75709E-8,0.0,-0.919387,0.3933543,4.69477E-8,1.0,7.36759E-8,5.28506E-8,1.0,0.0,0.0,0.0,0.0,1.0]},"Armature_Bone_002":{"matrix":[0.4267534,0.9043682,2.00631E-7,2.98023E-8,-0.904368,0.4267535,-1.37076E-7,1.074403,-2.09587E-7,-1.22946E-7,1.0,0.0,0.0,0.0,0.0,1.0]},"Armature_Bone_003":{"matrix":[0.8144585,0.580222,-8.31539E-8,-1.19209E-7,-0.580222,0.8144584,-7.36518E-8,1.254239,2.49909E-8,1.08234E-7,1.0,0.0,0.0,0.0,0.0,1.0]},"Armature_Bone_004":{"matrix":[0.3988775,0.9170042,-9.20914E-8,0.0,-0.9170042,0.3988775,1.51287E-7,1.314528,1.75464E-7,2.41031E-8,1.0,5.68434E-14,0.0,0.0,0.0,1.0]},"Armature_Bone_005":{"matrix":[0.6930816,0.7208591,2.8967E-8,1.19209E-7,-0.7208591,0.6930816,1.57317E-7,1.823582,9.33268E-8,-1.29915E-7,1.0,0.0,0.0,0.0,0.0,1.0]},"Armature_Bone_006":{"matrix":[0.2239639,0.9745973,2.18781E-7,2.08616E-7,-0.9745974,0.223964,1.62308E-7,2.149383,1.09186E-7,-2.49575E-7,1.0,-2.84217E-14,0.0,0.0,0.0,1.0]},"Armature_Bone_007":{"matrix":[0.986551,0.1634542,-1.77403E-7,0.0,-0.1634541,0.986551,5.34297E-8,2.025924,1.8375E-7,-2.37139E-8,1.0,-1.42109E-14,0.0,0.0,0.0,1.0]}},"interpolation":"LINEAR"},{"time":0.6666667,"transformations":{"Armature_Bone_001":{"matrix":[0.4484207,0.8938227,-8.84302E-8,0.0,-0.8938227,0.4484208,4.19063E-8,1.0,7.71108E-8,6.02493E-8,1.0,0.0,0.0,0.0,0.0,1.0]},"Armature_Bone_002":{"matrix":[0.4743689,0.8803262,2.00652E-7,0.0,-0.8803262,0.474369,-1.3724E-7,1.074403,-2.15999E-7,-1.11536E-7,1.0,0.0,0.0,0.0,0.0,1.0]},"Armature_Bone_003":{"matrix":[0.8381785,0.5453961,-8.32765E-8,0.0,-0.545396,0.8381785,-7.34847E-8,1.254239,2.97223E-8,1.07012E-7,1.0,5.68434E-14,0.0,0.0,0.0,1.0]},"Armature_Bone_004":{"matrix":[0.4522586,0.8918867,-9.36053E-8,0.0,-0.8918867,0.4522587,1.54279E-7,1.314528,1.79933E-7,1.37115E-8,1.0,0.0,0.0,0.0,0.0,1.0]},"Armature_Bone_005":{"matrix":[0.7117081,0.7024754,2.90226E-8,5.96046E-8,-0.7024752,0.7117082,1.57231E-7,1.823581,8.97956E-8,-1.32291E-7,1.0,2.84217E-14,0.0,0.0,0.0,1.0]},"Armature_Bone_006":{"matrix":[0.2830419,0.9591076,2.17813E-7,8.19564E-8,-0.9591076,0.283042,1.64975E-7,2.149384,9.65781E-8,-2.55601E-7,1.0,5.68434E-14,0.0,0.0,0.0,1.0]},"Armature_Bone_007":{"matrix":[0.9930413,0.1177663,-1.79524E-7,0.0,-0.1177662,0.9930414,3.84953E-8,2.025924,1.82809E-7,-1.70855E-8,1.0,0.0,0.0,0.0,0.0,1.0]}},"interpolation":"LINEAR"},{"time":0.7083333,"transformations":{"Armature_Bone_001":{"matrix":[0.5036559,0.8639044,-9.93228E-8,0.0,-0.8639044,0.5036559,3.60063E-8,1.0,8.11305E-8,6.76706E-8,1.0,0.0,0.0,0.0,0.0,1.0]},"Armature_Bone_002":{"matrix":[0.5221146,0.8528754,2.00682E-7,0.0,-0.8528754,0.5221146,-1.37409E-7,1.074403,-2.21972E-7,-9.94138E-8,1.0,1.42109E-14,0.0,0.0,0.0,1.0]},"Armature_Bone_003":{"matrix":[0.8610488,0.508522,-8.34101E-8,0.0,-0.5085221,0.8610488,-7.33181E-8,1.254239,3.45362E-8,1.05546E-7,1.0,2.84217E-14,0.0,0.0,0.0,1.0]},"Armature_Bone_004":{"matrix":[0.5058058,0.8626474,-9.53536E-8,2.38419E-7,-0.8626474,0.5058059,1.57273E-7,1.314528,1.83901E-7,2.70721E-9,1.0,2.84217E-14,0.0,0.0,0.0,1.0]},"Armature_Bone_005":{"matrix":[0.7303306,0.6830938,2.9082E-8,1.19209E-7,-0.6830939,0.7303307,1.57145E-7,1.823581,8.61055E-8,-1.34634E-7,1.0,-2.84217E-14,0.0,0.0,0.0,1.0]},"Armature_Bone_006":{"matrix":[0.3430712,0.9393096,2.16692E-7,1.56462E-7,-0.9393095,0.3430712,1.67687E-7,2.149383,8.31687E-8,-2.61069E-7,1.0,-1.13687E-13,0.0,0.0,0.0,1.0]},"Armature_Bone_007":{"matrix":[0.9968069,0.07984921,-1.80755E-7,0.0,-0.07984924,0.9968069,2.6101E-8,2.025924,1.82262E-7,-1.15845E-8,1.0,5.68434E-14,0.0,0.0,0.0,1.0]}},"interpolation":"LINEAR"},{"time":0.75,"transformations":{"Armature_Bone_001":{"matrix":[0.5582978,0.8296406,-1.10098E-7,0.0,-0.8296406,0.5582979,2.92494E-8,1.0,8.57342E-8,7.50122E-8,1.0,0.0,0.0,0.0,0.0,1.0]},"Armature_Bone_002":{"matrix":[0.5694073,0.8220556,2.00724E-7,-5.96046E-8,-0.8220556,0.5694074,-1.3758E-7,1.074403,-2.27392E-7,-8.6667E-8,1.0,-1.42109E-14,0.0,0.0,0.0,1.0]},"Armature_Bone_003":{"matrix":[0.8827627,0.4698192,-8.35539E-8,0.0,-0.4698192,0.8827627,-7.3154E-8,1.254239,3.93892E-8,1.03833E-7,1.0,2.84217E-14,0.0,0.0,0.0,1.0]},"Armature_Bone_004":{"matrix":[0.5588017,0.8293013,-9.73343E-8,-2.38419E-7,-0.8293014,0.5588017,1.60228E-7,1.314528,1.87268E-7,-8.81641E-9,1.0,2.84217E-14,0.0,0.0,0.0,1.0]},"Armature_Bone_005":{"matrix":[0.748792,0.662805,2.9145E-8,-2.38419E-7,-0.662805,0.7487921,1.57059E-7,1.823582,8.2276E-8,-1.36922E-7,1.0,2.84217E-14,0.0,0.0,0.0,1.0]},"Armature_Bone_006":{"matrix":[0.4034305,0.9150103,2.15415E-7,-1.19209E-7,-0.9150103,0.4034305,1.70421E-7,2.149383,6.90324E-8,-2.6586E-7,1.0,0.0,0.0,0.0,0.0,1.0]},"Armature_Bone_007":{"matrix":[0.9986923,0.05112302,-1.81372E-7,-5.96046E-8,-0.05112302,0.9986924,1.6711E-8,2.025924,1.81989E-7,-7.41692E-9,1.0,0.0,0.0,0.0,0.0,1.0]}},"interpolation":"LINEAR"},{"time":0.7916667,"transformations":{"Armature_Bone_001":{"matrix":[0.6115849,0.7911788,-1.20607E-7,0.0,-0.7911788,0.611585,2.16646E-8,1.0,9.09018E-8,8.21718E-8,1.0,0.0,0.0,0.0,0.0,1.0]},"Armature_Bone_002":{"matrix":[0.6156714,0.7880031,2.00776E-7,-5.96046E-8,-0.7880031,0.6156714,-1.37751E-7,1.074403,-2.3216E-7,-7.34022E-8,1.0,0.0,0.0,0.0,0.0,1.0]},"Armature_Bone_003":{"matrix":[0.9030439,0.4295481,-8.37075E-8,-5.96046E-8,-0.4295481,0.9030439,-7.29938E-8,1.254239,4.42372E-8,1.01873E-7,1.0,2.84217E-14,0.0,0.0,0.0,1.0]},"Armature_Bone_004":{"matrix":[0.610531,0.7919924,-9.9538E-8,-1.19209E-7,-0.7919924,0.610531,1.63106E-7,1.314528,1.8995E-7,-2.07478E-8,1.0,-2.84217E-14,0.0,0.0,0.0,1.0]},"Armature_Bone_005":{"matrix":[0.7669444,0.6417136,2.92113E-8,0.0,-0.6417134,0.7669445,1.56973E-7,1.823582,7.83285E-8,-1.39135E-7,1.0,4.9738E-14,0.0,0.0,0.0,1.0]},"Armature_Bone_006":{"matrix":[0.4634877,0.8861035,2.13983E-7,-1.19209E-7,-0.8861035,0.4634878,1.73158E-7,2.149384,5.42572E-8,-2.69867E-7,1.0,1.13687E-13,0.0,0.0,0.0,1.0]},"Armature_Bone_007":{"matrix":[0.999458,0.03292242,-1.81622E-7,2.30968E-7,-0.03292236,0.999458,1.07616E-8,2.025924,1.81878E-7,-4.77636E-9,1.0,-1.13687E-13,0.0,0.0,0.0,1.0]}},"interpolation":"LINEAR"},{"time":0.8333333,"transformations":{"Armature_Bone_001":{"matrix":[0.6627871,0.7488079,-1.30704E-7,0.0,-0.7488079,0.6627872,1.33089E-8,1.0,9.65948E-8,8.90513E-8,1.0,0.0,0.0,0.0,0.0,1.0]},"Armature_Bone_002":{"matrix":[0.6603574,0.7509515,2.00838E-7,0.0,-0.7509515,0.6603575,-1.37921E-7,1.074403,-2.36197E-7,-5.97423E-8,1.0,1.42109E-14,0.0,0.0,0.0,1.0]},"Armature_Bone_003":{"matrix":[0.9216561,0.3880076,-8.38697E-8,-2.98023E-8,-0.3880076,0.9216561,-7.28394E-8,1.254239,4.90367E-8,9.96749E-8,1.0,1.42109E-14,0.0,0.0,0.0,1.0]},"Armature_Bone_004":{"matrix":[0.6603091,0.7509938,-1.01948E-7,-1.19209E-7,-0.7509938,0.6603091,1.65866E-7,1.314528,1.91882E-7,-3.29607E-8,1.0,-2.84217E-14,0.0,0.0,0.0,1.0]},"Armature_Bone_005":{"matrix":[0.7846508,0.6199381,2.92806E-8,0.0,-0.6199381,0.7846507,1.56889E-7,1.823582,7.42863E-8,-1.41255E-7,1.0,1.42109E-14,0.0,0.0,0.0,1.0]},"Armature_Bone_006":{"matrix":[0.5226145,0.8525691,1.10058E-7,-2.38419E-7,-0.8525692,0.5226146,1.2369E-7,2.149384,4.79369E-8,-1.58474E-7,1.0,5.68434E-14,0.0,0.0,0.0,1.0]},"Armature_Bone_007":{"matrix":[0.9996472,0.02655957,-1.81684E-7,-8.19564E-8,-0.02655951,0.9996472,8.68178E-9,2.025924,1.8185E-7,-3.85332E-9,1.0,2.27374E-13,0.0,0.0,0.0,1.0]}},"interpolation":"LINEAR"},{"time":0.875,"transformations":{"Armature_Bone_001":{"matrix":[0.7112372,0.7029521,-1.40259E-7,0.0,-0.7029521,0.7112373,4.26592E-9,1.0,1.02756E-7,9.5561E-8,1.0,0.0,0.0,0.0,0.0,1.0]},"Armature_Bone_002":{"matrix":[0.7029622,0.7112273,2.0091E-7,0.0,-0.7112272,0.7029623,-1.38087E-7,1.074403,-2.39444E-7,-4.58225E-8,1.0,0.0,0.0,0.0,0.0,1.0]},"Armature_Bone_003":{"matrix":[0.9384084,0.3455281,-8.40392E-8,-4.3583E-8,-0.3455282,0.9384084,-7.2692E-8,1.254239,5.3746E-8,9.72527E-8,1.0,1.42109E-14,0.0,0.0,0.0,1.0]},"Armature_Bone_004":{"matrix":[0.7075093,0.7067041,-1.04541E-7,0.0,-0.7067041,0.7075093,1.68475E-7,1.314528,1.93026E-7,-4.53183E-8,1.0,-8.52651E-14,0.0,0.0,0.0,1.0]},"Armature_Bone_005":{"matrix":[0.8017866,0.5976104,2.93524E-8,2.38419E-7,-0.5976105,0.8017866,1.56806E-7,1.823581,7.01745E-8,-1.43266E-7,1.0,-2.84217E-14,0.0,0.0,0.0,1.0]},"Armature_Bone_006":{"matrix":[0.5803358,0.8143773,1.10467E-7,0.0,-0.8143774,0.5803359,1.23018E-7,2.149384,3.60755E-8,-1.61353E-7,1.0,1.13687E-13,0.0,0.0,0.0,1.0]},"Armature_Bone_007":{"matrix":[0.9996472,0.02655959,-1.81684E-7,5.96046E-7,-0.0265595,0.9996473,8.68179E-9,2.025924,1.8185E-7,-3.85329E-9,1.0,-1.13687E-13,0.0,0.0,0.0,1.0]}},"interpolation":"LINEAR"},{"time":0.9166667,"transformations":{"Armature_Bone_001":{"matrix":[0.7563591,0.6541566,-1.49157E-7,0.0,-0.6541566,0.7563592,-5.35672E-9,1.0,1.09312E-7,1.01624E-7,1.0,0.0,0.0,0.0,0.0,1.0]},"Armature_Bone_002":{"matrix":[0.7430464,0.6692401,2.00992E-7,0.0,-0.66924,0.7430464,-1.38249E-7,1.074403,-2.41868E-7,-3.17864E-8,1.0,0.0,0.0,0.0,0.0,1.0]},"Armature_Bone_003":{"matrix":[0.9531605,0.3024651,-8.42148E-8,0.0,-0.3024651,0.9531605,-7.25529E-8,1.254239,5.83255E-8,9.46266E-8,1.0,5.68434E-14,0.0,0.0,0.0,1.0]},"Armature_Bone_004":{"matrix":[0.7515885,0.6596323,-1.07287E-7,5.96046E-8,-0.6596321,0.7515885,1.70902E-7,1.314528,1.93368E-7,-5.76783E-8,1.0,0.0,0.0,0.0,0.0,1.0]},"Armature_Bone_005":{"matrix":[0.8182416,0.5748745,2.94263E-8,-2.38419E-7,-0.5748745,0.8182416,1.56726E-7,1.823581,6.60196E-8,-1.45156E-7,1.0,-1.42109E-14,0.0,0.0,0.0,1.0]},"Armature_Bone_006":{"matrix":[0.6362012,0.7715232,1.10881E-7,0.0,-0.7715231,0.6362013,1.22336E-7,2.149383,2.38424E-8,-1.63378E-7,1.0,5.68434E-14,0.0,0.0,0.0,1.0]},"Armature_Bone_007":{"matrix":[0.9996472,0.02655959,-1.81684E-7,-4.76837E-7,-0.02655959,0.9996473,8.68181E-9,2.025925,1.8185E-7,-3.85332E-9,1.0,2.84217E-13,0.0,0.0,0.0,1.0]}},"interpolation":"LINEAR"},{"time":0.9583333,"transformations":{"Armature_Bone_001":{"matrix":[0.7976923,0.6030647,-1.57308E-7,0.0,-0.6030647,0.7976923,-1.54323E-8,1.0,1.16177E-7,1.07177E-7,1.0,0.0,0.0,0.0,0.0,1.0]},"Armature_Bone_002":{"matrix":[0.7802489,0.6254691,2.01081E-7,0.0,-0.6254691,0.780249,-1.38403E-7,1.074403,-2.43461E-7,-1.7781E-8,1.0,0.0,0.0,0.0,0.0,1.0]},"Armature_Bone_003":{"matrix":[0.9658262,0.2591909,-8.43948E-8,0.0,-0.2591909,0.9658262,-7.24232E-8,1.254239,6.27393E-8,9.18226E-8,1.0,-1.42109E-14,0.0,0.0,0.0,1.0]},"Armature_Bone_004":{"matrix":[0.7921098,0.6103787,-1.10151E-7,-3.35276E-8,-0.6103786,0.7921098,1.73124E-7,1.314528,1.92922E-7,-6.98992E-8,1.0,-1.42109E-14,0.0,0.0,0.0,1.0]},"Armature_Bone_005":{"matrix":[0.8339206,0.5518846,2.95018E-8,0.0,-0.5518846,0.8339207,1.56648E-7,1.823582,6.18493E-8,-1.46913E-7,1.0,2.84217E-14,0.0,0.0,0.0,1.0]},"Armature_Bone_006":{"matrix":[0.6896064,0.7241844,1.11309E-7,0.0,-0.7241844,0.6896063,1.2165E-7,2.149384,1.13377E-8,-1.64499E-7,1.0,8.52651E-14,0.0,0.0,0.0,1.0]},"Armature_Bone_007":{"matrix":[0.9996473,0.02655962,-1.81684E-7,2.38419E-7,-0.02655947,0.9996473,8.68178E-9,2.025924,1.8185E-7,-3.8533E-9,1.0,1.13687E-13,0.0,0.0,0.0,1.0]}},"interpolation":"LINEAR"},{"time":1.0,"transformations":{"Armature_Bone_001":{"matrix":[0.8349083,0.5503891,-1.64647E-7,0.0,-0.5503891,0.8349084,-2.58201E-8,1.0,1.23254E-7,1.12177E-7,1.0,0.0,0.0,0.0,0.0,1.0]},"Armature_Bone_002":{"matrix":[0.8142987,0.580446,2.01178E-7,2.98023E-8,-0.580446,0.8142987,-1.3855E-7,1.074403,-2.4424E-7,-3.95177E-9,1.0,-2.13163E-14,0.0,0.0,0.0,1.0]},"Armature_Bone_003":{"matrix":[0.9763747,0.2160846,-8.45774E-8,5.96046E-8,-0.2160847,0.9763747,-7.23036E-8,1.254239,6.69556E-8,8.88712E-8,1.0,-2.84217E-14,0.0,0.0,0.0,1.0]},"Armature_Bone_004":{"matrix":[0.8287566,0.5596092,-1.13094E-7,0.0,-0.5596092,0.8287566,1.75122E-7,1.314528,1.91728E-7,-8.18451E-8,1.0,5.68434E-14,0.0,0.0,0.0,1.0]},"Armature_Bone_005":{"matrix":[0.848744,0.5288038,2.95783E-8,-2.38419E-7,-0.5288039,0.848744,1.56573E-7,1.823581,5.76921E-8,-1.48532E-7,1.0,0.0,0.0,0.0,0.0,1.0]},"Armature_Bone_006":{"matrix":[0.7399355,0.6726779,1.11754E-7,0.0,-0.6726778,0.7399355,1.20966E-7,2.149384,-1.31967E-9,-1.64681E-7,1.0,0.0,0.0,0.0,0.0,1.0]},"Armature_Bone_007":{"matrix":[0.9996471,0.02655962,-1.81684E-7,4.76837E-7,-0.02655949,0.9996472,8.68178E-9,2.025924,1.8185E-7,-3.85336E-9,1.0,2.84217E-14,0.0,0.0,0.0,1.0]}},"interpolation":"LINEAR"},{"time":1.041667,"transformations":{"Armature_Bone_001":{"matrix":[0.867818,0.4968822,-1.71137E-7,0.0,-0.4968822,0.8678181,-3.63718E-8,1.0,1.30443E-7,1.16599E-7,1.0,0.0,0.0,0.0,0.0,1.0]},"Armature_Bone_002":{"matrix":[0.8450195,0.5347357,2.0128E-7,0.0,-0.5347357,0.8450195,-1.38688E-7,1.074403,-2.44247E-7,9.56226E-9,1.0,-1.42109E-14,0.0,0.0,0.0,1.0]},"Armature_Bone_003":{"matrix":[0.9848293,0.1735258,-8.4761E-8,1.78814E-7,-0.1735258,0.9848293,-7.21946E-8,1.254239,7.09475E-8,8.58075E-8,1.0,0.0,0.0,0.0,0.0,1.0]},"Armature_Bone_004":{"matrix":[0.86134,0.5080287,-1.16077E-7,5.96046E-8,-0.5080287,0.8613401,1.76889E-7,1.314528,1.89847E-7,-9.33908E-8,1.0,-5.68434E-14,0.0,0.0,0.0,1.0]},"Armature_Bone_005":{"matrix":[0.8626495,0.5058023,2.96552E-8,-1.19209E-7,-0.5058023,0.8626496,1.56502E-7,1.823581,5.35771E-8,-1.50006E-7,1.0,2.84217E-14,0.0,0.0,0.0,1.0]},"Armature_Bone_006":{"matrix":[0.7865954,0.6174687,1.12218E-7,0.0,-0.6174687,0.7865955,1.2029E-7,2.149384,-1.39954E-8,-1.63911E-7,1.0,-1.13687E-13,0.0,0.0,0.0,1.0]},"Armature_Bone_007":{"matrix":[0.9996472,0.02655964,-1.81684E-7,-4.76837E-7,-0.02655952,0.9996473,8.68181E-9,2.025924,1.8185E-7,-3.85324E-9,1.0,-5.68434E-14,0.0,0.0,0.0,1.0]}},"interpolation":"LINEAR"},{"time":1.083333,"transformations":{"Armature_Bone_001":{"matrix":[0.896371,0.4433046,-1.76768E-7,0.0,-0.4433046,0.8963711,-4.69375E-8,1.0,1.37642E-7,1.20435E-7,1.0,0.0,0.0,0.0,0.0,1.0]},"Armature_Bone_002":{"matrix":[0.8723304,0.4889169,2.01386E-7,-2.98023E-8,-0.4889169,0.8723305,-1.38816E-7,1.074403,-2.43545E-7,2.2632E-8,1.0,-1.42109E-14,0.0,0.0,0.0,1.0]},"Armature_Bone_003":{"matrix":[0.9912652,0.1318837,-8.49436E-8,1.19209E-7,-0.1318838,0.9912653,-7.20965E-8,1.254239,7.46933E-8,8.26694E-8,1.0,0.0,0.0,0.0,0.0,1.0]},"Armature_Bone_004":{"matrix":[0.8897995,0.4563518,-1.19059E-7,1.19209E-7,-0.4563517,0.8897994,1.78421E-7,1.314528,1.87362E-7,-1.04426E-7,1.0,-2.84217E-14,0.0,0.0,0.0,1.0]},"Armature_Bone_005":{"matrix":[0.8755903,0.4830546,2.97319E-8,7.82311E-8,-0.4830546,0.8755903,1.56435E-7,1.823582,4.95337E-8,-1.51335E-7,1.0,5.68434E-14,0.0,0.0,0.0,1.0]},"Armature_Bone_006":{"matrix":[0.8290513,0.5591727,1.12704E-7,0.0,-0.5591725,0.8290514,1.19629E-7,2.149384,-2.65437E-8,-1.622E-7,1.0,0.0,0.0,0.0,0.0,1.0]},"Armature_Bone_007":{"matrix":[0.9996472,0.02655962,-1.81684E-7,0.0,-0.02655956,0.9996473,8.68177E-9,2.025924,1.8185E-7,-3.8533E-9,1.0,0.0,0.0,0.0,0.0,1.0]}},"interpolation":"LINEAR"},{"time":1.125,"transformations":{"Armature_Bone_001":{"matrix":[0.9206465,0.3903971,-1.81555E-7,0.0,-0.3903971,0.9206467,-5.73711E-8,1.0,1.4475E-7,1.23697E-7,1.0,0.0,0.0,0.0,0.0,1.0]},"Armature_Bone_002":{"matrix":[0.8962424,0.4435647,2.01495E-7,2.98023E-8,-0.4435648,0.8962424,-1.38933E-7,1.074403,-2.42214E-7,3.51419E-8,1.0,-1.42109E-14,0.0,0.0,0.0,1.0]},"Armature_Bone_003":{"matrix":[0.995804,0.0915122,-8.51234E-8,0.0,-0.09151226,0.995804,-7.20092E-8,1.254239,7.81765E-8,7.94968E-8,1.0,1.42109E-14,0.0,0.0,0.0,1.0]},"Armature_Bone_004":{"matrix":[0.9141932,0.4052785,-1.22E-7,1.19209E-7,-0.4052784,0.9141933,1.79723E-7,1.314528,1.8437E-7,-1.14858E-7,1.0,2.84217E-14,0.0,0.0,0.0,1.0]},"Armature_Bone_005":{"matrix":[0.8875355,0.4607396,2.98078E-8,2.98023E-7,-0.4607395,0.8875355,1.56372E-7,1.823582,4.55914E-8,-1.52519E-7,1.0,0.0,0.0,0.0,0.0,1.0]},"Armature_Bone_006":{"matrix":[0.8668625,0.4985472,1.13208E-7,1.19209E-7,-0.498