{"mesh":{"vertices":[{"position":{"x":-1.0,"y":1.0,"z":1.0},"color":{"r":1.0,"g":0.0,"b":0.0,"a":1.0},"normal":{"x":0.0,"y":0.0,"z":1.0},"influence":{"data":[{"boneId":"Armature_Bone","weight":1.0}]}},{"position":{"x":1.0,"y":-1.0,"z":1.0},"color":{"r":1.0,"g":0.0,"b":0.0,"a":1.0},"normal":{"x":0.0,"y":0.0,"z":1.0},"influence":{"data":[{"boneId":"Armature_Bone","weight":1.0}]}},{"position":{"x":1.0,"y":1.0,"z":1.0},"color":{"r":1.0,"g":0.0,"b":0.0,"a":1.0},"normal":{"x":0.0,"y":0.0,"z":1.0},"influence":{"data":[{"boneId":"Armature_Bone","weight":1.0}]}},{"position":{"x":1.0,"y":-1.0,"z":1.0},"color":{"r":1.0,"g":0.0,"b":0.0,"a":1.0},"normal":{"x":0.0,"y":-1.0,"z":0.0},"influence":{"data":[{"boneId":"Armature_Bone","weight":1.0}]}},{"position":{"x":-1.0,"y":-1.0,"z":-1.0},"color":{"r":1.0,"g":0.0,"b":0.0,"a":1.0},"normal":{"x":0.0,"y":-1.0,"z":0.0},"influence":{"data":[{"boneId":"Armature_Bone","weight":1.0}]}},{"position":{"x":1.0,"y":-1.0,"z":-1.0},"color":{"r":1.0,"g":0.0,"b":0.0,"a":1.0},"normal":{"x":0.0,"y":-1.0,"z":0.0},"influence":{"data":[{"boneId":"Armature_Bone","weight":1.0}]}},{"position":{"x":-1.0,"y":-1.0,"z":1.0},"color":{"r":1.0,"g":0.0,"b":0.0,"a":1.0},"normal":{"x":-1.0,"y":0.0,"z":0.0},"influence":{"data":[{"boneId":"Armature_Bone","weight":1.0}]}},{"position":{"x":-1.0,"y":1.0,"z":-1.0},"color":{"r":1.0,"g":0.0,"b":0.0,"a":1.0},"normal":{"x":-1.0,"y":0.0,"z":0.0},"influence":{"data":[{"boneId":"Armature_Bone","weight":1.0}]}},{"position":{"x":-1.0,"y":-1.0,"z":-1.0},"color":{"r":1.0,"g":0.0,"b":0.0,"a":1.0},"normal":{"x":-1.0,"y":0.0,"z":0.0},"influence":{"data":[{"boneId":"Armature_Bone","weight":1.0}]}},{"position":{"x":1.0,"y":1.0,"z":-1.0},"color":{"r":1.0,"g":0.0,"b":0.0,"a":1.0},"normal":{"x":0.0,"y":0.0,"z":-1.0},"influence":{"data":[{"boneId":"Armature_Bone","weight":1.0}]}},{"position":{"x":-1.0,"y":-1.0,"z":-1.0},"color":{"r":1.0,"g":0.0,"b":0.0,"a":1.0},"normal":{"x":0.0,"y":0.0,"z":-1.0},"influence":{"data":[{"boneId":"Armature_Bone","weight":1.0}]}},{"position":{"x":-1.0,"y":1.0,"z":-1.0},"color":{"r":1.0,"g":0.0,"b":0.0,"a":1.0},"normal":{"x":0.0,"y":0.0,"z":-1.0},"influence":{"data":[{"boneId":"Armature_Bone","weight":1.0}]}},{"position":{"x":1.0,"y":1.0,"z":1.0},"color":{"r":1.0,"g":0.0,"b":0.0,"a":1.0},"normal":{"x":1.0,"y":0.0,"z":0.0},"influence":{"data":[{"boneId":"Armature_Bone","weight":1.0}]}},{"position":{"x":1.0,"y":-1.0,"z":-1.0},"color":{"r":1.0,"g":0.0,"b":0.0,"a":1.0},"normal":{"x":1.0,"y":0.0,"z":0.0},"influence":{"data":[{"boneId":"Armature_Bone","weight":1.0}]}},{"position":{"x":1.0,"y":1.0,"z":-1.0},"color":{"r":1.0,"g":0.0,"b":0.0,"a":1.0},"normal":{"x":1.0,"y":0.0,"z":0.0},"influence":{"data":[{"boneId":"Armature_Bone","weight":1.0}]}},{"position":{"x":-1.0,"y":1.0,"z":1.0},"color":{"r":1.0,"g":0.0,"b":0.0,"a":1.0},"normal":{"x":0.0,"y":1.0,"z":0.0},"influence":{"data":[{"boneId":"Armature_Bone","weight":1.0}]}},{"position":{"x":1.0,"y":1.0,"z":-1.0},"color":{"r":1.0,"g":0.0,"b":0.0,"a":1.0},"normal":{"x":0.0,"y":1.0,"z":0.0},"influence":{"data":[{"boneId":"Armature_Bone","weight":1.0}]}},{"position":{"x":-1.0,"y":1.0,"z":-1.0},"color":{"r":1.0,"g":0.0,"b":0.0,"a":1.0},"normal":{"x":0.0,"y":1.0,"z":0.0},"influence":{"data":[{"boneId":"Armature_Bone","weight":1.0}]}},{"position":{"x":-1.0,"y":-1.0,"z":1.0},"color":{"r":1.0,"g":0.0,"b":0.0,"a":1.0},"normal":{"x":0.0,"y":0.0,"z":1.0},"influence":{"data":[{"boneId":"Armature_Bone","weight":1.0}]}},{"position":{"x":-1.0,"y":-1.0,"z":1.0},"color":{"r":1.0,"g":0.0,"b":0.0,"a":1.0},"normal":{"x":0.0,"y":-1.0,"z":0.0},"influence":{"data":[{"boneId":"Armature_Bone","weight":1.0}]}},{"position":{"x":-1.0,"y":1.0,"z":1.0},"color":{"r":1.0,"g":0.0,"b":0.0,"a":1.0},"normal":{"x":-1.0,"y":0.0,"z":0.0},"influence":{"data":[{"boneId":"Armature_Bone","weight":1.0}]}},{"position":{"x":1.0,"y":-1.0,"z":-1.0},"color":{"r":1.0,"g":0.0,"b":0.0,"a":1.0},"normal":{"x":0.0,"y":0.0,"z":-1.0},"influence":{"data":[{"boneId":"Armature_Bone","weight":1.0}]}},{"position":{"x":1.0,"y":-1.0,"z":1.0},"color":{"r":1.0,"g":0.0,"b":0.0,"a":1.0},"normal":{"x":1.0,"y":0.0,"z":0.0},"influence":{"data":[{"boneId":"Armature_Bone","weight":1.0}]}},{"position":{"x":1.0,"y":1.0,"z":1.0},"color":{"r":1.0,"g":0.0,"b":0.0,"a":1.0},"normal":{"x":0.0,"y":1.0,"z":0.0},"influence":{"data":[{"boneId":"Armature_Bone","weight":1.0}]}}],"verticesOrder":[0,1,2,3,4,5,6,7,8,9,10,11,12,13,14,15,16,17,0,18,1,3,19,4,6,20,7,9,21,10,12,22,13,15,23,16]},"armature":{"type":"collada.Armature","rootBone":{"id":"Armature_Bone","childs":[],"transformation":{"matrix":[1.0,0.0,0.0,0.0,0.0,0.0,-1.0,0.0,0.0,1.0,0.0,0.0,0.0,0.0,0.0,1.0]},"weights":[]}},"animations":{"type":"collada.Animations","animations":[{"name":"action_container-Armature","keyFrames":[{"time":0.04166662,"transformations":{"Armature_Bone":{"matrix":[1.0,0.0,0.0,0.0,0.0,0.8857923,-0.464082,0.01866041,0.0,0.464082,0.8857923,0.01866041,0.0,0.0,0.0,1.0]}},"interpolation":"LINEAR"},{"time":0.08333331,"transformations":{"Armature_Bone":{"matrix":[1.0,0.0,0.0,0.0,0.0,0.8857923,-0.464082,0.01866041,0.0,0.464082,0.8857923,0.01866041,0.0,0.0,0.0,1.0]}},"interpolation":"LINEAR"},{"time":0.125,"transformations":{"Armature_Bone":{"matrix":[1.0,0.0,0.0,0.0,0.0,0.8857923,-0.464082,0.01866041,0.0,0.464082,0.8857923,0.01866041,0.0,0.0,0.0,1.0]}},"interpolation":"LINEAR"},{"time":0.1666666,"transformations":{"Armature_Bone":{"matrix":[1.0,0.0,0.0,0.0,0.0,0.8857923,-0.464082,0.01866041,0.0,0.464082,0.8857923,0.01866041,0.0,0.0,0.0,1.0]}},"interpolation":"LINEAR"},{"time":0.2083333,"transformations":{"Armature_Bone":{"matrix":[1.0,0.0,0.0,0.0,0.0,0.8857923,-0.464082,0.01866041,0.0,0.464082,0.8857923,0.01866041,0.0,0.0,0.0,1.0]}},"interpolation":"LINEAR"},{"time":0.25,"transformations":{"Armature_Bone":{"matrix":[1.0,0.0,0.0,0.0,0.0,0.8857923,-0.464082,0.01866041,0.0,0.464082,0.8857923,0.01866041,0.0,0.0,0.0,1.0]}},"interpolation":"LINEAR"},{"time":0.2916666,"transformations":{"Armature_Bone":{"matrix":[1.0,0.0,0.0,0.0,0.0,0.8857923,-0.464082,0.01866041,0.0,0.464082,0.8857923,0.01866041,0.0,0.0,0.0,1.0]}},"interpolation":"LINEAR"},{"time":0.3333333,"transformations":{"Armature_Bone":{"matrix":[1.0,0.0,0.0,0.0,0.0,0.8857923,-0.464082,0.01866041,0.0,0.464082,0.8857923,0.01866041,0.0,0.0,0.0,1.0]}},"interpolation":"LINEAR"},{"time":0.375,"transformations":{"Armature_Bone":{"matrix":[1.0,0.0,0.0,0.0,0.0,0.8857923,-0.464082,0.01866041,0.0,0.464082,0.8857923,0.01866041,0.0,0.0,0.0,1.0]}},"interpolation":"LINEAR"},{"time":0.4166666,"transformations":{"Armature_Bone":{"matrix":[1.0,0.0,0.0,0.0,0.0,0.8857923,-0.464082,0.01866041,0.0,0.464082,0.8857923,0.01866041,0.0,0.0,0.0,1.0]}},"interpolation":"LINEAR"},{"time":0.4583333,"transformations":{"Armature_Bone":{"matrix":[1.0,0.0,0.0,0.0,0.0,0.8857923,-0.464082,0.01866041,0.0,0.464082,0.8857923,0.01866041,0.0,0.0,0.0,1.0]}},"interpolation":"LINEAR"},{"time":0.5,"transformations":{"Armature_Bone":{"matrix":[1.0,0.0,0.0,0.0,0.0,0.8857923,-0.464082,0.01866041,0.0,0.464082,0.8857923,0.01866041,0.0,0.0,0.0,1.0]}},"interpolation":"LINEAR"},{"time":0.5416667,"transformations":{"Armature_Bone":{"matrix":[1.0,0.0,0.0,0.0,0.0,0.8857923,-0.464082,0.01866041,0.0,0.464082,0.8857923,0.01866041,0.0,0.0,0.0,1.0]}},"interpolation":"LINEAR"},{"time":0.5833333,"transformations":{"Armature_Bone":{"matrix":[1.0,0.0,0.0,0.0,0.0,0.8857923,-0.464082,0.01866041,0.0,0.464082,0.8857923,0.01866041,0.0,0.0,0.0,1.0]}},"interpolation":"LINEAR"},{"time":0.625,"transformations":{"Armature_Bone":{"matrix":[1.0,0.0,0.0,0.0,0.0,0.8731973,-0.4873669,0.01866041,0.0,0.4873669,0.8731973,0.01866041,0.0,0.0,0.0,1.0]}},"interpolation":"LINEAR"},{"time":0.6666667,"transformations":{"Armature_Bone":{"matrix":[1.0,0.0,0.0,0.0,0.0,0.8334306,-0.5526241,0.01866041,0.0,0.5526241,0.8334306,0.01866041,0.0,0.0,0.0,1.0]}},"interpolation":"LINEAR"},{"time":0.7083333,"transformations":{"Armature_Bone":{"matrix":[1.0,-2.22397E-16,0.0,0.0,0.0,0.7586781,-0.6514657,0.01866041,2.22397E-16,0.6514657,0.7586781,0.01866041,0.0,0.0,0.0,1.0]}},"interpolation":"LINEAR"},{"time":0.75,"transformations":{"Armature_Bone":{"matrix":[1.0,-2.38807E-16,0.0,0.0,0.0,0.6375527,-0.7704067,0.01866041,2.38807E-16,0.7704067,0.6375527,0.01866041,0.0,0.0,0.0,1.0]}},"interpolation":"LINEAR"},{"time":0.7916667,"transformations":{"Armature_Bone":{"matrix":[1.0,-2.55087E-16,0.0,0.0,0.0,0.4608759,-0.8874646,0.01866041,2.55087E-16,0.8874646,0.4608759,0.01866041,0.0,0.0,0.0,1.0]}},"interpolation":"LINEAR"},{"time":0.8333333,"transformations":{"Armature_Bone":{"matrix":[1.0,-2.67217E-16,0.0,0.0,0.0,0.2305652,-0.9730569,0.01866041,2.67217E-16,0.9730569,0.2305652,0.01866041,0.0,0.0,0.0,1.0]}},"interpolation":"LINEAR"},{"time":0.875,"transformations":{"Armature_Bone":{"matrix":[1.0,-2.71389E-16,0.0,0.0,0.0,-0.03297769,-0.9994561,0.01866041,2.71389E-16,0.9994561,-0.03297769,0.01866041,0.0,0.0,0.0,1.0]}},"interpolation":"LINEAR"},{"time":0.9166667,"transformations":{"Armature_Bone":{"matrix":[1.0,-2.66042E-16,0.0,0.0,0.0,-0.294207,-0.9557417,0.01866041,2.66042E-16,0.9557417,-0.294207,0.01866041,0.0,0.0,0.0,1.0]}},"interpolation":"LINEAR"},{"time":0.9583333,"transformations":{"Armature_Bone":{"matrix":[1.0,-2.52894E-16,0.0,0.0,0.0,-0.5183748,-0.8551535,0.01866041,2.52894E-16,0.8551535,-0.5183748,0.01866041,0.0,0.0,0.0,1.0]}},"interpolation":"LINEAR"},{"time":1.0,"transformations":{"Armature_Bone":{"matrix":[1.0,-2.35842E-16,0.0,0.0,0.0,-0.6869509,-0.7267039,0.01866041,2.35842E-16,0.7267039,-0.6869509,0.01866041,0.0,0.0,0.0,1.0]}},"interpolation":"LINEAR"},{"time":1.041667,"transformations":{"Armature_Bone":{"matrix":[1.0,0.0,0.0,0.0,0.0,-0.799972,-0.6000373,0.01866041,0.0,0.6000373,-0.799972,0.01866041,0.0,0.0,0.0,1.0]}},"interpolation":"LINEAR"},{"time":1.083333,"transformations":{"Armature_Bone":{"matrix":[1.0,0.0,0.0,0.0,0.0,-0.8680467,-0.4964826,0.01866041,0.0,0.4964826,-0.8680467,0.01866041,0.0,0.0,0.0,1.0]}},"interpolation":"LINEAR"},{"time":1.125,"transformations":{"Armature_Bone":{"matrix":[1.0,0.0,0.0,0.0,0.0,-0.903425,-0.4287462,0.01866041,0.0,0.4287462,-0.903425,0.01866041,0.0,0.0,0.0,1.0]}},"interpolation":"LINEAR"},{"time":1.166667,"transformations":{"Armature_Bone":{"matrix":[1.0,0.0,0.0,0.0,0.0,-0.9144576,-0.4046817,0.01866041,0.0,0.4046817,-0.9144576,0.01866041,0.0,0.0,0.0,1.0]}},"interpolation":"LINEAR"},{"time":1.208333,"transformations":{"Armature_Bone":{"matrix":[1.0,0.0,0.0,0.0,0.0,-0.9144576,-0.4046817,0.01866041,0.0,0.4046817,-0.9144576,0.01866041,0.0,0.0,0.0,1.0]}},"interpolation":"LINEAR"},{"time":1.25,"transformations":{"Armature_Bone":{"matrix":[1.0,0.0,0.0,0.0,0.0,-0.9144576,-0.4046817,0.01866041,0.0,0.4046817,-0.9144576,0.01866041,0.0,0.0,0.0,1.0]}},"interpolation":"LINEAR"}]}]}}