{"mesh":{"vertices":[{"position":{"x":-1.0,"y":1.0,"z":1.0},"color":{"r":0.2196078,"g":0.2117647,"b":1.0,"a":1.0},"normal":{"x":0.0,"y":0.0,"z":1.0},"influence":{"data":[]}},{"position":{"x":1.0,"y":-1.0,"z":1.0},"color":{"r":0.2196078,"g":0.2117647,"b":1.0,"a":1.0},"normal":{"x":0.0,"y":0.0,"z":1.0},"influence":{"data":[]}},{"position":{"x":1.0,"y":1.0,"z":1.0},"color":{"r":0.2196078,"g":0.2117647,"b":1.0,"a":1.0},"normal":{"x":0.0,"y":0.0,"z":1.0},"influence":{"data":[]}},{"position":{"x":1.0,"y":-1.0,"z":1.0},"color":{"r":0.2196078,"g":0.2117647,"b":1.0,"a":1.0},"normal":{"x":0.0,"y":-1.0,"z":0.0},"influence":{"data":[]}},{"position":{"x":-1.0,"y":-1.0,"z":-1.0},"color":{"r":0.2196078,"g":0.2117647,"b":1.0,"a":1.0},"normal":{"x":0.0,"y":-1.0,"z":0.0},"influence":{"data":[]}},{"position":{"x":1.0,"y":-1.0,"z":-1.0},"color":{"r":0.2196078,"g":0.2117647,"b":1.0,"a":1.0},"normal":{"x":0.0,"y":-1.0,"z":0.0},"influence":{"data":[]}},{"position":{"x":-1.0,"y":-1.0,"z":1.0},"color":{"r":0.2196078,"g":0.2117647,"b":1.0,"a":1.0},"normal":{"x":-1.0,"y":0.0,"z":0.0},"influence":{"data":[]}},{"position":{"x":-1.0,"y":1.0,"z":-1.0},"color":{"r":0.2196078,"g":0.2117647,"b":1.0,"a":1.0},"normal":{"x":-1.0,"y":0.0,"z":0.0},"influence":{"data":[]}},{"position":{"x":-1.0,"y":-1.0,"z":-1.0},"color":{"r":0.2196078,"g":0.2117647,"b":1.0,"a":1.0},"normal":{"x":-1.0,"y":0.0,"z":0.0},"influence":{"data":[]}},{"position":{"x":1.0,"y":1.0,"z":-1.0},"color":{"r":0.2196078,"g":0.2117647,"b":1.0,"a":1.0},"normal":{"x":0.0,"y":0.0,"z":-1.0},"influence":{"data":[]}},{"position":{"x":-1.0,"y":-1.0,"z":-1.0},"color":{"r":0.2196078,"g":0.2117647,"b":1.0,"a":1.0},"normal":{"x":0.0,"y":0.0,"z":-1.0},"influence":{"data":[]}},{"position":{"x":-1.0,"y":1.0,"z":-1.0},"color":{"r":0.2196078,"g":0.2117647,"b":1.0,"a":1.0},"normal":{"x":0.0,"y":0.0,"z":-1.0},"influence":{"data":[]}},{"position":{"x":1.0,"y":1.0,"z":1.0},"color":{"r":0.2196078,"g":0.2117647,"b":1.0,"a":1.0},"normal":{"x":1.0,"y":0.0,"z":0.0},"influence":{"data":[]}},{"position":{"x":1.0,"y":-1.0,"z":-1.0},"color":{"r":0.2196078,"g":0.2117647,"b":1.0,"a":1.0},"normal":{"x":1.0,"y":0.0,"z":0.0},"influence":{"data":[]}},{"position":{"x":1.0,"y":1.0,"z":-1.0},"color":{"r":0.2196078,"g":0.2117647,"b":1.0,"a":1.0},"normal":{"x":1.0,"y":0.0,"z":0.0},"influence":{"data":[]}},{"position":{"x":-1.0,"y":1.0,"z":1.0},"color":{"r":0.2196078,"g":0.2117647,"b":1.0,"a":1.0},"normal":{"x":0.0,"y":1.0,"z":0.0},"influence":{"data":[]}},{"position":{"x":1.0,"y":1.0,"z":-1.0},"color":{"r":0.2196078,"g":0.2117647,"b":1.0,"a":1.0},"normal":{"x":0.0,"y":1.0,"z":0.0},"influence":{"data":[]}},{"position":{"x":-1.0,"y":1.0,"z":-1.0},"color":{"r":0.2196078,"g":0.2117647,"b":1.0,"a":1.0},"normal":{"x":0.0,"y":1.0,"z":0.0},"influence":{"data":[]}},{"position":{"x":-1.0,"y":1.0,"z":1.0},"color":{"r":0.2196078,"g":0.2117647,"b":1.0,"a":1.0},"normal":{"x":0.0,"y":0.0,"z":1.0},"influence":{"data":[]}},{"position":{"x":-1.0,"y":-1.0,"z":1.0},"color":{"r":0.2196078,"g":0.2117647,"b":1.0,"a":1.0},"normal":{"x":0.0,"y":0.0,"z":1.0},"influence":{"data":[]}},{"position":{"x":1.0,"y":-1.0,"z":1.0},"color":{"r":0.2196078,"g":0.2117647,"b":1.0,"a":1.0},"normal":{"x":0.0,"y":0.0,"z":1.0},"influence":{"data":[]}},{"position":{"x":1.0,"y":-1.0,"z":1.0},"color":{"r":0.2196078,"g":0.2117647,"b":1.0,"a":1.0},"normal":{"x":0.0,"y":-1.0,"z":0.0},"influence":{"data":[]}},{"position":{"x":-1.0,"y":-1.0,"z":1.0},"color":{"r":0.2196078,"g":0.2117647,"b":1.0,"a":1.0},"normal":{"x":0.0,"y":-1.0,"z":0.0},"influence":{"data":[]}},{"position":{"x":-1.0,"y":-1.0,"z":-1.0},"color":{"r":0.2196078,"g":0.2117647,"b":1.0,"a":1.0},"normal":{"x":0.0,"y":-1.0,"z":0.0},"influence":{"data":[]}},{"position":{"x":-1.0,"y":-1.0,"z":1.0},"color":{"r":0.2196078,"g":0.2117647,"b":1.0,"a":1.0},"normal":{"x":-1.0,"y":0.0,"z":0.0},"influence":{"data":[]}},{"position":{"x":-1.0,"y":1.0,"z":1.0},"color":{"r":0.2196078,"g":0.2117647,"b":1.0,"a":1.0},"normal":{"x":-1.0,"y":0.0,"z":0.0},"influence":{"data":[]}},{"position":{"x":-1.0,"y":1.0,"z":-1.0},"color":{"r":0.2196078,"g":0.2117647,"b":1.0,"a":1.0},"normal":{"x":-1.0,"y":0.0,"z":0.0},"influence":{"data":[]}},{"position":{"x":1.0,"y":1.0,"z":-1.0},"color":{"r":0.2196078,"g":0.2117647,"b":1.0,"a":1.0},"normal":{"x":0.0,"y":0.0,"z":-1.0},"influence":{"data":[]}},{"position":{"x":1.0,"y":-1.0,"z":-1.0},"color":{"r":0.2196078,"g":0.2117647,"b":1.0,"a":1.0},"normal":{"x":0.0,"y":0.0,"z":-1.0},"influence":{"data":[]}},{"position":{"x":-1.0,"y":-1.0,"z":-1.0},"color":{"r":0.2196078,"g":0.2117647,"b":1.0,"a":1.0},"normal":{"x":0.0,"y":0.0,"z":-1.0},"influence":{"data":[]}},{"position":{"x":1.0,"y":1.0,"z":1.0},"color":{"r":0.2196078,"g":0.2117647,"b":1.0,"a":1.0},"normal":{"x":1.0,"y":0.0,"z":0.0},"influence":{"data":[]}},{"position":{"x":1.0,"y":-1.0,"z":1.0},"color":{"r":0.2196078,"g":0.2117647,"b":1.0,"a":1.0},"normal":{"x":1.0,"y":0.0,"z":0.0},"influence":{"data":[]}},{"position":{"x":1.0,"y":-1.0,"z":-1.0},"color":{"r":0.2196078,"g":0.2117647,"b":1.0,"a":1.0},"normal":{"x":1.0,"y":0.0,"z":0.0},"influence":{"data":[]}},{"position":{"x":-1.0,"y":1.0,"z":1.0},"color":{"r":0.2196078,"g":0.2117647,"b":1.0,"a":1.0},"normal":{"x":0.0,"y":1.0,"z":0.0},"influence":{"data":[]}},{"position":{"x":1.0,"y":1.0,"z":1.0},"color":{"r":0.2196078,"g":0.2117647,"b":1.0,"a":1.0},"normal":{"x":0.0,"y":1.0,"z":0.0},"influence":{"data":[]}},{"position":{"x":1.0,"y":1.0,"z":-1.0},"color":{"r":0.2196078,"g":0.2117647,"b":1.0,"a":1.0},"normal":{"x":0.0,"y":1.0,"z":0.0},"influence":{"data":[]}}],"verticesOrder":[0,1,2,3,4,5,6,7,8,9,10,11,12,13,14,15,16,17,18,19,20,21,22,23,24,25,26,27,28,29,30,31,32,33,34,35]},"armature":{"type":"collada.Armature","rootBone":{"id":"Armature","childs":[{"id":"Armature_Bone","childs":[{"id":"Armature_Bone_001","childs":[{"id":"Armature_Bone_002","childs":[{"id":"Armature_Bone_003","childs":[{"id":"Armature_Bone_004","childs":[{"id":"Armature_Bone_005","childs":[{"id":"Armature_Bone_006","childs":[{"id":"Armature_Bone_007","childs":[],"transformation":{"matrix":[0.7427201,0.669602,-9.76998E-8,2.38419E-7,-0.669602,0.7427202,2.18879E-7,2.025924,2.19125E-7,-9.71457E-8,1.0,0.0,0.0,0.0,0.0,1.0]},"weights":[]}],"transformation":{"matrix":[0.3831151,0.9237007,1.30296E-7,0.0,-0.9237006,0.3831151,1.3401E-7,2.149384,7.38669E-8,-1.71696E-7,1.0,4.26326E-14,0.0,0.0,0.0,1.0]},"weights":[]}],"transformation":{"matrix":[0.4907985,0.8712731,3.5199E-8,8.9407E-8,-0.871273,0.4907986,1.61951E-7,1.823581,1.23828E-7,-1.10153E-7,1.0,0.0,0.0,0.0,0.0,1.0]},"weights":[]}],"transformation":{"matrix":[0.7250228,0.6887248,-1.83834E-7,1.19209E-7,-0.6887249,0.7250228,8.7074E-8,1.314528,1.93254E-7,6.34804E-8,1.0,2.84217E-14,0.0,0.0,0.0,1.0]},"weights":[]}],"transformation":{"matrix":[0.49299,0.8700351,-9.04084E-8,1.19209E-7,-0.870035,0.4929899,-8.01919E-8,1.254239,-2.51993E-8,1.18192E-7,1.0,0.0,0.0,0.0,0.0,1.0]},"weights":[]}],"transformation":{"matrix":[0.06905901,0.9976126,2.06585E-7,-5.96046E-8,-0.9976127,0.06905901,-1.35523E-7,1.074403,-1.49466E-7,-1.96733E-7,1.0,0.0,0.0,0.0,0.0,1.0]},"weights":[]}],"transformation":{"matrix":[0.6065369,0.7950553,-1.19611E-7,0.0,-0.7950553,0.606537,2.2429E-8,1.0,9.0381E-8,8.14936E-8,1.0,0.0,0.0,0.0,0.0,1.0]},"weights":[]}],"transformation":{"matrix":[1.0,0.0,0.0,0.0,0.0,0.0,-1.0,1.30152E-7,0.0,1.0,0.0,-0.9686914,0.0,0.0,0.0,1.0]},"weights":[]}],"transformation":{"matrix":[1.0,0.0,0.0,-2.2487E-16,0.0,1.0,0.0,0.0,0.0,0.0,1.0,1.012723,0.0,0.0,0.0,1.0]},"weights":[]}},"animations":{"type":"collada.Animations","animations":[{"name":"action_container-Armature","boneId":"Armature_Bone_001","keyFrames":[{"time":0.04166662,"transformation":{"matrix":[-0.06071365,0.9981552,1.1973E-8,0.0,-0.9981553,-0.06071362,6.24811E-8,1.0,6.30927E-8,-8.15743E-9,1.0,0.0,0.0,0.0,0.0,1.0]},"interpolation":"LINEAR"},{"time":0.08333331,"transformation":{"matrix":[-0.0578855,0.9983232,1.14152E-8,0.0,-0.9983233,-0.05788544,6.25142E-8,1.0,6.30702E-8,-7.77743E-9,1.0,0.0,0.0,0.0,0.0,1.0]},"interpolation":"LINEAR"},{"time":0.125,"transformation":{"matrix":[-0.04957554,0.9987704,9.77649E-9,0.0,-0.9987705,-0.04957548,6.26024E-8,1.0,6.30101E-8,-6.66091E-9,1.0,0.0,0.0,0.0,0.0,1.0]},"interpolation":"LINEAR"},{"time":0.1666666,"transformation":{"matrix":[-0.03601682,0.9993511,7.10266E-9,0.0,-0.9993511,-0.03601676,6.27169E-8,1.0,6.29321E-8,-4.83918E-9,1.0,0.0,0.0,0.0,0.0,1.0]},"interpolation":"LINEAR"},{"time":0.2083333,"transformation":{"matrix":[-0.01741561,0.9998484,3.43442E-9,0.0,-0.9998484,-0.01741555,6.2815E-8,1.0,6.28652E-8,-2.33995E-9,1.0,0.0,0.0,0.0,0.0,1.0]},"interpolation":"LINEAR"},{"time":0.25,"transformation":{"matrix":[0.006037682,0.9999818,-1.19064E-9,0.0,-0.9999818,0.006037742,6.28413E-8,1.0,6.28473E-8,8.11198E-10,1.0,0.0,0.0,0.0,0.0,1.0]},"interpolation":"LINEAR"},{"time":0.2916666,"transformation":{"matrix":[0.03415284,0.9994166,-6.73505E-9,0.0,-0.9994166,0.0341529,6.27298E-8,1.0,6.29233E-8,4.58871E-9,1.0,0.0,0.0,0.0,0.0,1.0]},"interpolation":"LINEAR"},{"time":0.3333333,"transformation":{"matrix":[0.06672639,0.9977713,-1.31587E-8,0.0,-0.9977714,0.06672639,6.24054E-8,1.0,6.31443E-8,8.96527E-9,1.0,0.0,0.0,0.0,0.0,1.0]},"interpolation":"LINEAR"},{"time":0.375,"transformation":{"matrix":[0.1035266,0.9946268,-2.04158E-8,0.0,-0.9946268,0.1035267,6.17853E-8,1.0,6.35668E-8,1.39097E-8,1.0,0.0,0.0,0.0,0.0,1.0]},"interpolation":"LINEAR"},{"time":0.4166666,"transformation":{"matrix":[0.1442794,0.989537,-2.84524E-8,0.0,-0.9895371,0.1442794,6.07815E-8,1.0,6.42507E-8,1.93852E-8,1.0,0.0,0.0,0.0,0.0,1.0]},"interpolation":"LINEAR"},{"time":0.4583333,"transformation":{"matrix":[0.1886556,0.9820433,-3.72036E-8,0.0,-0.9820433,0.1886556,5.93038E-8,1.0,6.52575E-8,2.53475E-8,1.0,0.0,0.0,0.0,0.0,1.0]},"interpolation":"LINEAR"},{"time":0.5,"transformation":{"matrix":[0.236259,0.9716901,-4.65911E-8,0.0,-0.9716902,0.236259,5.72621E-8,1.0,6.66486E-8,3.17435E-8,1.0,0.0,0.0,0.0,0.0,1.0]},"interpolation":"LINEAR"},{"time":0.5416667,"transformation":{"matrix":[0.28662,0.9580444,-5.65225E-8,0.0,-0.9580444,0.2866201,5.45711E-8,1.0,6.8482E-8,3.85099E-8,1.0,0.0,0.0,0.0,0.0,1.0]},"interpolation":"LINEAR"},{"time":0.5833333,"transformation":{"matrix":[0.3391921,0.9407172,-6.68899E-8,0.0,-0.9407172,0.3391922,5.11541E-8,1.0,7.08101E-8,4.55734E-8,1.0,0.0,0.0,0.0,0.0,1.0]},"interpolation":"LINEAR"},{"time":0.625,"transformation":{"matrix":[0.3933542,0.919387,-7.75709E-8,0.0,-0.919387,0.3933543,4.69477E-8,1.0,7.36759E-8,5.28506E-8,1.0,0.0,0.0,0.0,0.0,1.0]},"interpolation":"LINEAR"},{"time":0.6666667,"transformation":{"matrix":[0.4484207,0.8938227,-8.84302E-8,0.0,-0.8938227,0.4484208,4.19063E-8,1.0,7.71108E-8,6.02493E-8,1.0,0.0,0.0,0.0,0.0,1.0]},"interpolation":"LINEAR"},{"time":0.7083333,"transformation":{"matrix":[0.5036559,0.8639044,-9.93228E-8,0.0,-0.8639044,0.5036559,3.60063E-8,1.0,8.11305E-8,6.76706E-8,1.0,0.0,0.0,0.0,0.0,1.0]},"interpolation":"LINEAR"},{"time":0.75,"transformation":{"matrix":[0.5582978,0.8296406,-1.10098E-7,0.0,-0.8296406,0.5582979,2.92494E-8,1.0,8.57342E-8,7.50122E-8,1.0,0.0,0.0,0.0,0.0,1.0]},"interpolation":"LINEAR"},{"time":0.7916667,"transformation":{"matrix":[0.6115849,0.7911788,-1.20607E-7,0.0,-0.7911788,0.611585,2.16646E-8,1.0,9.09018E-8,8.21718E-8,1.0,0.0,0.0,0.0,0.0,1.0]},"interpolation":"LINEAR"},{"time":0.8333333,"transformation":{"matrix":[0.6627871,0.7488079,-1.30704E-7,0.0,-0.7488079,0.6627872,1.33089E-8,1.0,9.65948E-8,8.90513E-8,1.0,0.0,0.0,0.0,0.0,1.0]},"interpolation":"LINEAR"},{"time":0.875,"transformation":{"matrix":[0.7112372,0.7029521,-1.40259E-7,0.0,-0.7029521,0.7112373,4.26592E-9,1.0,1.02756E-7,9.5561E-8,1.0,0.0,0.0,0.0,0.0,1.0]},"interpolation":"LINEAR"},{"time":0.9166667,"transformation":{"matrix":[0.7563591,0.6541566,-1.49157E-7,0.0,-0.6541566,0.7563592,-5.35672E-9,1.0,1.09312E-7,1.01624E-7,1.0,0.0,0.0,0.0,0.0,1.0]},"interpolation":"LINEAR"},{"time":0.9583333,"transformation":{"matrix":[0.7976923,0.6030647,-1.57308E-7,0.0,-0.6030647,0.7976923,-1.54323E-8,1.0,1.16177E-7,1.07177E-7,1.0,0.0,0.0,0.0,0.0,1.0]},"interpolation":"LINEAR"},{"time":1.0,"transformation":{"matrix":[0.8349083,0.5503891,-1.64647E-7,0.0,-0.5503891,0.8349084,-2.58201E-8,1.0,1.23254E-7,1.12177E-7,1.0,0.0,0.0,0.0,0.0,1.0]},"interpolation":"LINEAR"},{"time":1.041667,"transformation":{"matrix":[0.867818,0.4968822,-1.71137E-7,0.0,-0.4968822,0.8678181,-3.63718E-8,1.0,1.30443E-7,1.16599E-7,1.0,0.0,0.0,0.0,0.0,1.0]},"interpolation":"LINEAR"},{"time":1.083333,"transformation":{"matrix":[0.896371,0.4433046,-1.76768E-7,0.0,-0.4433046,0.8963711,-4.69375E-8,1.0,1.37642E-7,1.20435E-7,1.0,0.0,0.0,0.0,0.0,1.0]},"interpolation":"LINEAR"},{"time":1.125,"transformation":{"matrix":[0.9206465,0.3903971,-1.81555E-7,0.0,-0.3903971,0.9206467,-5.73711E-8,1.0,1.4475E-7,1.23697E-7,1.0,0.0,0.0,0.0,0.0,1.0]},"interpolation":"LINEAR"},{"time":1.166667,"transformation":{"matrix":[0.9408377,0.3388571,-1.85537E-7,0.0,-0.3388571,0.9408379,-6.75349E-8,1.0,1.51675E-7,1.2641E-7,1.0,0.0,0.0,0.0,0.0,1.0]},"interpolation":"LINEAR"},{"time":1.208333,"transformation":{"matrix":[0.9572317,0.2893226,-1.8877E-7,0.0,-0.2893226,0.9572318,-7.73034E-8,1.0,1.58331E-7,1.28613E-7,1.0,0.0,0.0,0.0,0.0,1.0]},"interpolation":"LINEAR"},{"time":1.25,"transformation":{"matrix":[0.9701864,0.2423602,-1.91324E-7,0.0,-0.2423601,0.9701865,-8.65645E-8,1.0,1.6464E-7,1.30353E-7,1.0,0.0,0.0,0.0,0.0,1.0]},"interpolation":"LINEAR"},{"time":1.291667,"transformation":{"matrix":[0.9801084,0.1984632,-1.93281E-7,0.0,-0.1984632,0.9801084,-9.52212E-8,1.0,1.70538E-7,1.31686E-7,1.0,0.0,0.0,0.0,0.0,1.0]},"interpolation":"LINEAR"},{"time":1.333333,"transformation":{"matrix":[0.9874309,0.1580517,-1.94725E-7,0.0,-0.1580517,0.9874309,-1.03191E-7,1.0,1.75968E-7,1.3267E-7,1.0,0.0,0.0,0.0,0.0,1.0]},"interpolation":"LINEAR"},{"time":1.375,"transformation":{"matrix":[0.9925939,0.1214802,-1.95743E-7,0.0,-0.1214802,0.9925939,-1.10403E-7,1.0,1.80882E-7,1.33364E-7,1.0,0.0,0.0,0.0,0.0,1.0]},"interpolation":"LINEAR"},{"time":1.416667,"transformation":{"matrix":[0.9960276,0.08904609,-1.9642E-7,0.0,-0.08904603,0.9960276,-1.16799E-7,1.0,1.8524E-7,1.33825E-7,1.0,0.0,0.0,0.0,0.0,1.0]},"interpolation":"LINEAR"},{"time":1.458333,"transformation":{"matrix":[0.9981376,0.06100458,-1.96836E-7,0.0,-0.06100455,0.9981376,-1.22329E-7,1.0,1.89007E-7,1.34109E-7,1.0,0.0,0.0,0.0,0.0,1.0]},"interpolation":"LINEAR"},{"time":1.5,"transformation":{"matrix":[0.9992936,0.03757969,-1.97064E-7,0.0,-0.03757963,0.9992937,-1.26948E-7,1.0,1.92155E-7,1.34264E-7,1.0,0.0,0.0,0.0,0.0,1.0]},"interpolation":"LINEAR"},{"time":1.541667,"transformation":{"matrix":[0.9998199,0.01897889,-1.97168E-7,0.0,-0.01897886,0.9998199,-1.30616E-7,1.0,1.94654E-7,1.34335E-7,1.0,0.0,0.0,0.0,0.0,1.0]},"interpolation":"LINEAR"},{"time":1.583333,"transformation":{"matrix":[0.9999853,0.005409122,-1.97201E-7,0.0,-0.005409092,0.9999854,-1.33292E-7,1.0,1.96477E-7,1.34357E-7,1.0,0.0,0.0,0.0,0.0,1.0]},"interpolation":"LINEAR"},{"time":1.625,"transformation":{"matrix":[0.9999958,-0.002912939,-1.97203E-7,0.0,0.002912968,0.9999958,-1.34933E-7,1.0,1.97595E-7,1.34358E-7,1.0,0.0,0.0,0.0,0.0,1.0]},"interpolation":"LINEAR"},{"time":1.666667,"transformation":{"matrix":[0.9999835,-0.005746007,-1.97201E-7,0.0,0.005746067,0.9999835,-1.35492E-7,1.0,1.97976E-7,1.34357E-7,1.0,0.0,0.0,0.0,0.0,1.0]},"interpolation":"LINEAR"},{"time":1.708333,"transformation":{"matrix":[0.9999835,-0.005746007,-1.97201E-7,0.0,0.005746067,0.9999835,-1.35492E-7,1.0,1.97976E-7,1.34357E-7,1.0,0.0,0.0,0.0,0.0,1.0]},"interpolation":"LINEAR"},{"time":1.75,"transformation":{"matrix":[0.9999835,-0.005746007,-1.97201E-7,0.0,0.005746067,0.9999835,-1.35492E-7,1.0,1.97976E-7,1.34357E-7,1.0,0.0,0.0,0.0,0.0,1.0]},"interpolation":"LINEAR"},{"time":1.791667,"transformation":{"matrix":[0.9999835,-0.005746007,-1.97201E-7,0.0,0.005746067,0.9999835,-1.35492E-7,1.0,1.97976E-7,1.34357E-7,1.0,0.0,0.0,0.0,0.0,1.0]},"interpolation":"LINEAR"},{"time":1.833333,"transformation":{"matrix":[0.9999835,-0.005746007,-1.97201E-7,0.0,0.005746067,0.9999835,-1.35492E-7,1.0,1.97976E-7,1.34357E-7,1.0,0.0,0.0,0.0,0.0,1.0]},"interpolation":"LINEAR"},{"time":1.875,"transformation":{"matrix":[0.9999835,-0.005746007,-1.97201E-7,0.0,0.005746067,0.9999835,-1.35492E-7,1.0,1.97976E-7,1.34357E-7,1.0,0.0,0.0,0.0,0.0,1.0]},"interpolation":"LINEAR"},{"time":0.04166662,"transformation":{"matrix":[-0.06071365,0.9981552,1.1973E-8,0.0,-0.9981553,-0.06071362,6.24811E-8,1.0,6.30927E-8,-8.15743E-9,1.0,0.0,0.0,0.0,0.0,1.0]},"interpolation":"LINEAR"},{"time":0.08333331,"transformation":{"matrix":[-0.0578855,0.9983232,1.14152E-8,0.0,-0.9983233,-0.05788544,6.25142E-8,1.0,6.30702E-8,-7.77743E-9,1.0,0.0,0.0,0.0,0.0,1.0]},"interpolation":"LINEAR"},{"time":0.125,"transformation":{"matrix":[-0.04957554,0.9987704,9.77649E-9,0.0,-0.9987705,-0.04957548,6.26024E-8,1.0,6.30101E-8,-6.66091E-9,1.0,0.0,0.0,0.0,0.0,1.0]},"interpolation":"LINEAR"},{"time":0.1666666,"transformation":{"matrix":[-0.03601682,0.9993511,7.10266E-9,0.0,-0.9993511,-0.03601676,6.27169E-8,1.0,6.29321E-8,-4.83918E-9,1.0,0.0,0.0,0.0,0.0,1.0]},"interpolation":"LINEAR"},{"time":0.2083333,"transformation":{"matrix":[-0.01741561,0.9998484,3.43442E-9,0.0,-0.9998484,-0.01741555,6.2815E-8,1.0,6.28652E-8,-2.33995E-9,1.0,0.0,0.0,0.0,0.0,1.0]},"interpolation":"LINEAR"},{"time":0.25,"transformation":{"matrix":[0.006037682,0.9999818,-1.19064E-9,0.0,-0.9999818,0.006037742,6.28413E-8,1.0,6.28473E-8,8.11198E-10,1.0,0.0,0.0,0.0,0.0,1.0]},"interpolation":"LINEAR"},{"time":0.2916666,"transformation":{"matrix":[0.03415284,0.9994166,-6.73505E-9,0.0,-0.9994166,0.0341529,6.27298E-8,1.0,6.29233E-8,4.58871E-9,1.0,0.0,0.0,0.0,0.0,1.0]},"interpolation":"LINEAR"},{"time":0.3333333,"transformation":{"matrix":[0.06672639,0.9977713,-1.31587E-8,0.0,-0.9977714,0.06672639,6.24054E-8,1.0,6.31443E-8,8.96527E-9,1.0,0.0,0.0,0.0,0.0,1.0]},"interpolation":"LINEAR"},{"time":0.375,"transformation":{"matrix":[0.1035266,0.9946268,-2.04158E-8,0.0,-0.9946268,0.1035267,6.17853E-8,1.0,6.35668E-8,1.39097E-8,1.0,0.0,0.0,0.0,0.0,1.0]},"interpolation":"LINEAR"},{"time":0.4166666,"transformation":{"matrix":[0.1442794,0.989537,-2.84524E-8,0.0,-0.9895371,0.1442794,6.07815E-8,1.0,6.42507E-8,1.93852E-8,1.0,0.0,0.0,0.0,0.0,1.0]},"interpolation":"LINEAR"},{"time":0.4583333,"transformation":{"matrix":[0.1886556,0.9820433,-3.72036E-8,0.0,-0.9820433,0.1886556,5.93038E-8,1.0,6.52575E-8,2.53475E-8,1.0,0.0,0.0,0.0,0.0,1.0]},"interpolation":"LINEAR"},{"time":0.5,"transformation":{"matrix":[0.236259,0.9716901,-4.65911E-8,0.0,-0.9716902,0.236259,5.72621E-8,1.0,6.66486E-8,3.17435E-8,1.0,0.0,0.0,0.0,0.0,1.0]},"interpolation":"LINEAR"},{"time":0.5416667,"transformation":{"matrix":[0.28662,0.9580444,-5.65225E-8,0.0,-0.9580444,0.2866201,5.45711E-8,1.0,6.8482E-8,3.85099E-8,1.0,0.0,0.0,0.0,0.0,1.0]},"interpolation":"LINEAR"},{"time":0.5833333,"transformation":{"matrix":[0.3391921,0.9407172,-6.68899E-8,0.0,-0.9407172,0.3391922,5.11541E-8,1.0,7.08101E-8,4.55734E-8,1.0,0.0,0.0,0.0,0.0,1.0]},"interpolation":"LINEAR"},{"time":0.625,"transformation":{"matrix":[0.3933542,0.919387,-7.75709E-8,0.0,-0.919387,0.3933543,4.69477E-8,1.0,7.36759E-8,5.28506E-8,1.0,0.0,0.0,0.0,0.0,1.0]},"interpolation":"LINEAR"},{"time":0.6666667,"transformation":{"matrix":[0.4484207,0.8938227,-8.84302E-8,0.0,-0.8938227,0.4484208,4.19063E-8,1.0,7.71108E-8,6.02493E-8,1.0,0.0,0.0,0.0,0.0,1.0]},"interpolation":"LINEAR"},{"time":0.7083333,"transformation":{"matrix":[0.5036559,0.8639044,-9.93228E-8,0.0,-0.8639044,0.5036559,3.60063E-8,1.0,8.11305E-8,6.76706E-8,1.0,0.0,0.0,0.0,0.0,1.0]},"interpolation":"LINEAR"},{"time":0.75,"transformation":{"matrix":[0.5582978,0.8296406,-1.10098E-7,0.0,-0.8296406,0.5582979,2.92494E-8,1.0,8.57342E-8,7.50122E-8,1.0,0.0,0.0,0.0,0.0,1.0]},"interpolation":"LINEAR"},{"time":0.7916667,"transformation":{"matrix":[0.6115849,0.7911788,-1.20607E-7,0.0,-0.7911788,0.611585,2.16646E-8,1.0,9.09018E-8,8.21718E-8,1.0,0.0,0.0,0.0,0.0,1.0]},"interpolation":"LINEAR"},{"time":0.8333333,"transformation":{"matrix":[0.6627871,0.7488079,-1.30704E-7,0.0,-0.7488079,0.6627872,1.33089E-8,1.0,9.65948E-8,8.90513E-8,1.0,0.0,0.0,0.0,0.0,1.0]},"interpolation":"LINEAR"},{"time":0.875,"transformation":{"matrix":[0.7112372,0.7029521,-1.40259E-7,0.0,-0.7029521,0.7112373,4.26592E-9,1.0,1.02756E-7,9.5561E-8,1.0,0.0,0.0,0.0,0.0,1.0]},"interpolation":"LINEAR"},{"time":0.9166667,"transformation":{"matrix":[0.7563591,0.6541566,-1.49157E-7,0.0,-0.6541566,0.7563592,-5.35672E-9,1.0,1.09312E-7,1.01624E-7,1.0,0.0,0.0,0.0,0.0,1.0]},"interpolation":"LINEAR"},{"time":0.9583333,"transformation":{"matrix":[0.7976923,0.6030647,-1.57308E-7,0.0,-0.6030647,0.7976923,-1.54323E-8,1.0,1.16177E-7,1.07177E-7,1.0,0.0,0.0,0.0,0.0,1.0]},"interpolation":"LINEAR"},{"time":1.0,"transformation":{"matrix":[0.8349083,0.5503891,-1.64647E-7,0.0,-0.5503891,0.8349084,-2.58201E-8,1.0,1.23254E-7,1.12177E-7,1.0,0.0,0.0,0.0,0.0,1.0]},"interpolation":"LINEAR"},{"time":1.041667,"transformation":{"matrix":[0.867818,0.4968822,-1.71137E-7,0.0,-0.4968822,0.8678181,-3.63718E-8,1.0,1.30443E-7,1.16599E-7,1.0,0.0,0.0,0.0,0.0,1.0]},"interpolation":"LINEAR"},{"time":1.083333,"transformation":{"matrix":[0.896371,0.4433046,-1.76768E-7,0.0,-0.4433046,0.8963711,-4.69375E-8,1.0,1.37642E-7,1.20435E-7,1.0,0.0,0.0,0.0,0.0,1.0]},"interpolation":"LINEAR"},{"time":1.125,"transformation":{"matrix":[0.9206465,0.3903971,-1.81555E-7,0.0,-0.3903971,0.9206467,-5.73711E-8,1.0,1.4475E-7,1.23697E-7,1.0,0.0,0.0,0.0,0.0,1.0]},"interpolation":"LINEAR"},{"time":1.166667,"transformation":{"matrix":[0.9408377,0.3388571,-1.85537E-7,0.0,-0.3388571,0.9408379,-6.75349E-8,1.0,1.51675E-7,1.2641E-7,1.0,0.0,0.0,0.0,0.0,1.0]},"interpolation":"LINEAR"},{"time":1.208333,"transformation":{"matrix":[0.9572317,0.2893226,-1.8877E-7,0.0,-0.2893226,0.9572318,-7.73034E-8,1.0,1.58331E-7,1.28613E-7,1.0,0.0,0.0,0.0,0.0,1.0]},"interpolation":"LINEAR"},{"time":1.25,"transformation":{"matrix":[0.9701864,0.2423602,-1.91324E-7,0.0,-0.2423601,0.9701865,-8.65645E-8,1.0,1.6464E-7,1.30353E-7,1.0,0.0,0.0,0.0,0.0,1.0]},"interpolation":"LINEAR"},{"time":1.291667,"transformation":{"matrix":[0.9801084,0.1984632,-1.93281E-7,0.0,-0.1984632,0.9801084,-9.52212E-8,1.0,1.70538E-7,1.31686E-7,1.0,0.0,0.0,0.0,0.0,1.0]},"interpolation":"LINEAR"},{"time":1.333333,"transformation":{"matrix":[0.9874309,0.1580517,-1.94725E-7,0.0,-0.1580517,0.9874309,-1.03191E-7,1.0,1.75968E-7,1.3267E-7,1.0,0.0,0.0,0.0,0.0,1.0]},"interpolation":"LINEAR"},{"time":1.375,"transformation":{"matrix":[0.9925939,0.1214802,-1.95743E-7,0.0,-0.1214802,0.9925939,-1.10403E-7,1.0,1.80882E-7,1.33364E-7,1.0,0.0,0.0,0.0,0.0,1.0]},"interpolation":"LINEAR"},{"time":1.416667,"transformation":{"matrix":[0.9960276,0.08904609,-1.9642E-7,0.0,-0.08904603,0.9960276,-1.16799E-7,1.0,1.8524E-7,1.33825E-7,1.0,0.0,0.0,0.0,0.0,1.0]},"interpolation":"LINEAR"},{"time":1.458333,"transformation":{"matrix":[0.9981376,0.06100458,-1.96836E-7,0.0,-0.06100455,0.9981376,-1.22329E-7,1.0,1.89007E-7,1.34109E-7,1.0,0.0,0.0,0.0,0.0,1.0]},"interpolation":"LINEAR"},{"time":1.5,"transformation":{"matrix":[0.9992936,0.03757969,-1.97064E-7,0.0,-0.03757963,0.9992937,-1.26948E-7,1.0,1.92155E-7,1.34264E-7,1.0,0.0,0.0,0.0,0.0,1.0]},"interpolation":"LINEAR"},{"time":1.541667,"transformation":{"matrix":[0.9998199,0.01897889,-1.97168E-7,0.0,-0.01897886,0.9998199,-1.30616E-7,1.0,1.94654E-7,1.34335E-7,1.0,0.0,0.0,0.0,0.0,1.0]},"interpolation":"LINEAR"},{"time":1.583333,"transformation":{"matrix":[0.9999853,0.005409122,-1.97201E-7,0.0,-0.005409092,0.9999854,-1.33292E-7,1.0,1.96477E-7,1.34357E-7,1.0,0.0,0.0,0.0,0.0,1.0]},"interpolation":"LINEAR"},{"time":1.625,"transformation":{"matrix":[0.9999958,-0.002912939,-1.97203E-7,0.0,0.002912968,0.9999958,-1.34933E-7,1.0,1.97595E-7,1.34358E-7,1.0,0.0,0.0,0.0,0.0,1.0]},"interpolation":"LINEAR"},{"time":1.666667,"transformation":{"matrix":[0.9999835,-0.005746007,-1.97201E-7,0.0,0.005746067,0.9999835,-1.35492E-7,1.0,1.97976E-7,1.34357E-7,1.0,0.0,0.0,0.0,0.0,1.0]},"interpolation":"LINEAR"},{"time":1.708333,"transformation":{"matrix":[0.9999835,-0.005746007,-1.97201E-7,0.0,0.005746067,0.9999835,-1.35492E-7,1.0,1.97976E-7,1.34357E-7,1.0,0.0,0.0,0.0,0.0,1.0]},"interpolation":"LINEAR"},{"time":1.75,"transformation":{"matrix":[0.9999835,-0.005746007,-1.97201E-7,0.0,0.005746067,0.9999835,-1.35492E-7,1.0,1.97976E-7,1.34357E-7,1.0,0.0,0.0,0.0,0.0,1.0]},"interpolation":"LINEAR"},{"time":1.791667,"transformation":{"matrix":[0.9999835,-0.005746007,-1.97201E-7,0.0,0.005746067,0.9999835,-1.35492E-7,1.0,1.97976E-7,1.34357E-7,1.0,0.0,0.0,0.0,0.0,1.0]},"interpolation":"LINEAR"},{"time":1.833333,"transformation":{"matrix":[0.9999835,-0.005746007,-1.97201E-7,0.0,0.005746067,0.9999835,-1.35492E-7,1.0,1.97976E-7,1.34357E-7,1.0,0.0,0.0,0.0,0.0,1.0]},"interpolation":"LINEAR"},{"time":1.875,"transformation":{"matrix":[0.9999835,-0.005746007,-1.97201E-7,0.0,0.005746067,0.9999835,-1.35492E-7,1.0,1.97976E-7,1.34357E-7,1.0,0.0,0.0,0.0,0.0,1.0]},"interpolation":"LINEAR"},{"time":0.04166662,"transformation":{"matrix":[-0.06071365,0.9981552,1.1973E-8,0.0,-0.9981553,-0.06071362,6.24811E-8,1.0,6.30927E-8,-8.15743E-9,1.0,0.0,0.0,0.0,0.0,1.0]},"interpolation":"LINEAR"},{"time":0.08333331,"transformation":{"matrix":[-0.0578855,0.9983232,1.14152E-8,0.0,-0.9983233,-0.05788544,6.25142E-8,1.0,6.30702E-8,-7.77743E-9,1.0,0.0,0.0,0.0,0.0,1.0]},"interpolation":"LINEAR"},{"time":0.125,"transformation":{"matrix":[-0.04957554,0.9987704,9.77649E-9,0.0,-0.9987705,-0.04957548,6.26024E-8,1.0,6.30101E-8,-6.66091E-9,1.0,0.0,0.0,0.0,0.0,1.0]},"interpolation":"LINEAR"},{"time":0.1666666,"transformation":{"matrix":[-0.03601682,0.9993511,7.10266E-9,0.0,-0.9993511,-0.03601676,6.27169E-8,1.0,6.29321E-8,-4.83918E-9,1.0,0.0,0.0,0.0,0.0,1.0]},"interpolation":"LINEAR"},{"time":0.2083333,"transformation":{"matrix":[-0.01741561,0.9998484,3.43442E-9,0.0,-0.9998484,-0.01741555,6.2815E-8,1.0,6.28652E-8,-2.33995E-9,1.0,0.0,0.0,0.0,0.0,1.0]},"interpolation":"LINEAR"},{"time":0.25,"transformation":{"matrix":[0.006037682,0.9999818,-1.19064E-9,0.0,-0.9999818,0.006037742,6.28413E-8,1.0,6.28473E-8,8.11198E-10,1.0,0.0,0.0,0.0,0.0,1.0]},"interpolation":"LINEAR"},{"time":0.2916666,"transformation":{"matrix":[0.03415284,0.9994166,-6.73505E-9,0.0,-0.9994166,0.0341529,6.27298E-8,1.0,6.29233E-8,4.58871E-9,1.0,0.0,0.0,0.0,0.0,1.0]},"interpolation":"LINEAR"},{"time":0.3333333,"transformation":{"matrix":[0.06672639,0.9977713,-1.31587E-8,0.0,-0.9977714,0.06672639,6.24054E-8,1.0,6.31443E-8,8.96527E-9,1.0,0.0,0.0,0.0,0.0,1.0]},"interpolation":"LINEAR"},{"time":0.375,"transformation":{"matrix":[0.1035266,0.9946268,-2.04158E-8,0.0,-0.9946268,0.1035267,6.17853E-8,1.0,6.35668E-8,1.39097E-8,1.0,0.0,0.0,0.0,0.0,1.0]},"interpolation":"LINEAR"},{"time":0.4166666,"transformation":{"matrix":[0.1442794,0.989537,-2.84524E-8,0.0,-0.9895371,0.1442794,6.07815E-8,1.0,6.42507E-8,1.93852E-8,1.0,0.0,0.0,0.0,0.0,1.0]},"interpolation":"LINEAR"},{"time":0.4583333,"transformation":{"matrix":[0.1886556,0.9820433,-3.72036E-8,0.0,-0.9820433,0.1886556,5.93038E-8,1.0,6.52575E-8,2.53475E-8,1.0,0.0,0.0,0.0,0.0,1.0]},"interpolation":"LINEAR"},{"time":0.5,"transformation":{"matrix":[0.236259,0.9716901,-4.65911E-8,0.0,-0.9716902,0.236259,5.72621E-8,1.0,6.66486E-8,3.17435E-8,1.0,0.0,0.0,0.0,0.0,1.0]},"interpolation":"LINEAR"},{"time":0.5416667,"transformation":{"matrix":[0.28662,0.9580444,-5.65225E-8,0.0,-0.9580444,0.2866201,5.45711E-8,1.0,6.8482E-8,3.85099E-8,1.0,0.0,0.0,0.0,0.0,1.0]},"interpolation":"LINEAR"},{"time":0.5833333,"transformation":{"matrix":[0.3391921,0.9407172,-6.68899E-8,0.0,-0.9407172,0.3391922,5.11541E-8,1.0,7.08101E-8,4.55734E-8,1.0,0.0,0.0,0.0,0.0,1.0]},"interpolation":"LINEAR"},{"time":0.625,"transformation":{"matrix":[0.3933542,0.919387,-7.75709E-8,0.0,-0.919387,0.3933543,4.69477E-8,1.0,7.36759E-8,5.28506E-8,1.0,0.0,0.0,0.0,0.0,1.0]},"interpolation":"LINEAR"},{"time":0.6666667,"transformation":{"matrix":[0.4484207,0.8938227,-8.84302E-8,0.0,-0.8938227,0.4484208,4.19063E-8,1.0,7.71108E-8,6.02493E-8,1.0,0.0,0.0,0.0,0.0,1.0]},"interpolation":"LINEAR"},{"time":0.7083333,"transformation":{"matrix":[0.5036559,0.8639044,-9.93228E-8,0.0,-0.8639044,0.5036559,3.60063E-8,1.0,8.11305E-8,6.76706E-8,1.0,0.0,0.0,0.0,0.0,1.0]},"interpolation":"LINEAR"},{"time":0.75,"transformation":{"matrix":[0.5582978,0.8296406,-1.10098E-7,0.0,-0.8296406,0.5582979,2.92494E-8,1.0,8.57342E-8,7.50122E-8,1.0,0.0,0.0,0.0,0.0,1.0]},"interpolation":"LINEAR"},{"time":0.7916667,"transformation":{"matrix":[0.6115849,0.7911788,-1.20607E-7,0.0,-0.7911788,0.611585,2.16646E-8,1.0,9.09018E-8,8.21718E-8,1.0,0.0,0.0,0.0,0.0,1.0]},"interpolation":"LINEAR"},{"time":0.8333333,"transformation":{"matrix":[0.6627871,0.7488079,-1.30704E-7,0.0,-0.7488079,0.6627872,1.33089E-8,1.0,9.65948E-8,8.90513E-8,1.0,0.0,0.0,0.0,0.0,1.0]},"interpolation":"LINEAR"},{"time":0.875,"transformation":{"matrix":[0.7112372,0.7029521,-1.40259E-7,0.0,-0.7029521,0.7112373,4.26592E-9,1.0,1.02756E-7,9.5561E-8,1.0,0.0,0.0,0.0,0.0,1.0]},"interpolation":"LINEAR"},{"time":0.9166667,"transformation":{"matrix":[0.7563591,0.6541566,-1.49157E-7,0.0,-0.6541566,0.7563592,-5.35672E-9,1.0,1.09312E-7,1.01624E-7,1.0,0.0,0.0,0.0,0.0,1.0]},"interpolation":"LINEAR"},{"time":0.9583333,"transformation":{"matrix":[0.7976923,0.6030647,-1.57308E-7,0.0,-0.6030647,0.7976923,-1.54323E-8,1.0,1.16177E-7,1.07177E-7,1.0,0.0,0.0,0.0,0.0,1.0]},"interpolation":"LINEAR"},{"time":1.0,"transformation":{"matrix":[0.8349083,0.5503891,-1.64647E-7,0.0,-0.5503891,0.8349084,-2.58201E-8,1.0,1.23254E-7,1.12177E-7,1.0,0.0,0.0,0.0,0.0,1.0]},"interpolation":"LINEAR"},{"time":1.041667,"transformation":{"matrix":[0.867818,0.4968822,-1.71137E-7,0.0,-0.4968822,0.8678181,-3.63718E-8,1.0,1.30443E-7,1.16599E-7,1.0,0.0,0.0,0.0,0.0,1.0]},"interpolation":"LINEAR"},{"time":1.083333,"transformation":{"matrix":[0.896371,0.4433046,-1.76768E-7,0.0,-0.4433046,0.8963711,-4.69375E-8,1.0,1.37642E-7,1.20435E-7,1.0,0.0,0.0,0.0,0.0,1.0]},"interpolation":"LINEAR"},{"time":1.125,"transformation":{"matrix":[0.9206465,0.3903971,-1.81555E-7,0.0,-0.3903971,0.9206467,-5.73711E-8,1.0,1.4475E-7,1.23697E-7,1.0,0.0,0.0,0.0,0.0,1.0]},"interpolation":"LINEAR"},{"time":1.166667,"transformation":{"matrix":[0.9408377,0.3388571,-1.85537E-7,0.0,-0.3388571,0.9408379,-6.75349E-8,1.0,1.51675E-7,1.2641E-7,1.0,0.0,0.0,0.0,0.0,1.0]},"interpolation":"LINEAR"},{"time":1.208333,"transformation":{"matrix":[0.9572317,0.2893226,-1.8877E-7,0.0,-0.2893226,0.9572318,-7.73034E-8,1.0,1.58331E-7,1.28613E-7,1.0,0.0,0.0,0.0,0.0,1.0]},"interpolation":"LINEAR"},{"time":1.25,"transformation":{"matrix":[0.9701864,0.2423602,-1.91324E-7,0.0,-0.2423601,0.9701865,-8.65645E-8,1.0,1.6464E-7,1.30353E-7,1.0,0.0,0.0,0.0,0.0,1.0]},"interpolation":"LINEAR"},{"time":1.291667,"transformation":{"matrix":[0.9801084,0.1984632,-1.93281E-7,0.0,-0.1984632,0.9801084,-9.52212E-8,1.0,1.70538E-7,1.31686E-7,1.0,0.0,0.0,0.0,0.0,1.0]},"interpolation":"LINEAR"},{"time":1.333333,"transformation":{"matrix":[0.9874309,0.1580517,-1.94725E-7,0.0,-0.1580517,0.9874309,-1.03191E-7,1.0,1.75968E-7,1.3267E-7,1.0,0.0,0.0,0.0,0.0,1.0]},"interpolation":"LINEAR"},{"time":1.375,"transformation":{"matrix":[0.9925939,0.1214802,-1.95743E-7,0.0,-0.1214802,0.9925939,-1.10403E-7,1.0,1.80882E-7,1.33364E-7,1.0,0.0,0.0,0.0,0.0,1.0]},"interpolation":"LINEAR"},{"time":1.416667,"transformation":{"matrix":[0.9960276,0.08904609,-1.9642E-7,0.0,-0.08904603,0.9960276,-1.16799E-7,1.0,1.8524E-7,1.33825E-7,1.0,0.0,0.0,0.0,0.0,1.0]},"interpolation":"LINEAR"},{"time":1.458333,"transformation":{"matrix":[0.9981376,0.06100458,-1.96836E-7,0.0,-0.06100455,0.9981376,-1.22329E-7,1.0,1.89007E-7,1.34109E-7,1.0,0.0,0.0,0.0,0.0,1.0]},"interpolation":"LINEAR"},{"time":1.5,"transformation":{"matrix":[0.9992936,0.03757969,-1.97064E-7,0.0,-0.03757963,0.9992937,-1.26948E-7,1.0,1.92155E-7,1.34264E-7,1.0,0.0,0.0,0.0,0.0,1.0]},"interpolation":"LINEAR"},{"time":1.541667,"transformation":{"matrix":[0.9998199,0.01897889,-1.97168E-7,0.0,-0.01897886,0.9998199,-1.30616E-7,1.0,1.94654E-7,1.34335E-7,1.0,0.0,0.0,0.0,0.0,1.0]},"interpolation":"LINEAR"},{"time":1.583333,"transformation":{"matrix":[0.9999853,0.005409122,-1.97201E-7,0.0,-0.005409092,0.9999854,-1.33292E-7,1.0,1.96477E-7,1.34357E-7,1.0,0.0,0.0,0.0,0.0,1.0]},"interpolation":"LINEAR"},{"time":1.625,"transformation":{"matrix":[0.9999958,-0.002912939,-1.97203E-7,0.0,0.002912968,0.9999958,-1.34933E-7,1.0,1.97595E-7,1.34358E-7,1.0,0.0,0.0,0.0,0.0,1.0]},"interpolation":"LINEAR"},{"time":1.666667,"transformation":{"matrix":[0.9999835,-0.005746007,-1.97201E-7,0.0,0.005746067,0.9999835,-1.35492E-7,1.0,1.97976E-7,1.34357E-7,1.0,0.0,0.0,0.0,0.0,1.0]},"interpolation":"LINEAR"},{"time":1.708333,"transformation":{"matrix":[0.9999835,-0.005746007,-1.97201E-7,0.0,0.005746067,0.9999835,-1.35492E-7,1.0,1.97976E-7,1.34357E-7,1.0,0.0,0.0,0.0,0.0,1.0]},"interpolation":"LINEAR"},{"time":1.75,"transformation":{"matrix":[0.9999835,-0.005746007,-1.97201E-7,0.0,0.005746067,0.9999835,-1.35492E-7,1.0,1.97976E-7,1.34357E-7,1.0,0.0,0.0,0.0,0.0,1.0]},"interpolation":"LINEAR"},{"time":1.791667,"transformation":{"matrix":[0.9999835,-0.005746007,-1.97201E-7,0.0,0.005746067,0.9999835,-1.35492E-7,1.0,1.97976E-7,1.34357E-7,1.0,0.0,0.0,0.0,0.0,1.0]},"interpolation":"LINEAR"},{"time":1.833333,"transformation":{"matrix":[0.9999835,-0.005746007,-1.97201E-7,0.0,0.005746067,0.9999835,-1.35492E-7,1.0,1.97976E-7,1.34357E-7,1.0,0.0,0.0,0.0,0.0,1.0]},"interpolation":"LINEAR"},{"time":1.875,"transformation":{"matrix":[0.9999835,-0.005746007,-1.97201E-7,0.0,0.005746067,0.9999835,-1.35492E-7,1.0,1.97976E-7,1.34357E-7,1.0,0.0,0.0,0.0,0.0,1.0]},"interpolation":"LINEAR"},{"time":0.04166662,"transformation":{"matrix":[-0.06071365,0.9981552,1.1973E-8,0.0,-0.9981553,-0.06071362,6.24811E-8,1.0,6.30927E-8,-8.15743E-9,1.0,0.0,0.0,0.0,0.0,1.0]},"interpolation":"LINEAR"},{"time":0.08333331,"transformation":{"matrix":[-0.0578855,0.9983232,1.14152E-8,0.0,-0.9983233,-0.05788544,6.25142E-8,1.0,6.30702E-8,-7.77743E-9,1.0,0.0,0.0,0.0,0.0,1.0]},"interpolation":"LINEAR"},{"time":0.125,"transformation":{"matrix":[-0.04957554,0.9987704,9.77649E-9,0.0,-0.9987705,-0.04957548,6.26024E-8,1.0,6.30101E-8,-6.66091E-9,1.0,0.0,0.0,0.0,0.0,1.0]},"interpolation":"LINEAR"},{"time":0.1666666,"transformation":{"matrix":[-0.03601682,0.9993511,7.10266E-9,0.0,-0.9993511,-0.03601676,6.27169E-8,1.0,6.29321E-8,-4.83918E-9,1.0,0.0,0.0,0.0,0.0,1.0]},"interpolation":"LINEAR"},{"time":0.2083333,"transformation":{"matrix":[-0.01741561,0.9998484,3.43442E-9,0.0,-0.9998484,-0.01741555,6.2815E-8,1.0,6.28652E-8,-2.33995E-9,1.0,0.0,0.0,0.0,0.0,1.0]},"interpolation":"LINEAR"},{"time":0.25,"transformation":{"matrix":[0.006037682,0.9999818,-1.19064E-9,0.0,-0.9999818,0.006037742,6.28413E-8,1.0,6.28473E-8,8.11198E-10,1.0,0.0,0.0,0.0,0.0,1.0]},"interpolation":"LINEAR"},{"time":0.2916666,"transformation":{"matrix":[0.03415284,0.9994166,-6.73505E-9,0.0,-0.9994166,0.0341529,6.27298E-8,1.0,6.29233E-8,4.58871E-9,1.0,0.0,0.0,0.0,0.0,1.0]},"interpolation":"LINEAR"},{"time":0.3333333,"transformation":{"matrix":[0.06672639,0.9977713,-1.31587E-8,0.0,-0.9977714,0.06672639,6.24054E-8,1.0,6.31443E-8,8.96527E-9,1.0,0.0,0.0,0.0,0.0,1.0]},"interpolation":"LINEAR"},{"time":0.375,"transformation":{"matrix":[0.1035266,0.9946268,-2.04158E-8,0.0,-0.9946268,0.1035267,6.17853E-8,1.0,6.35668E-8,1.39097E-8,1.0,0.0,0.0,0.0,0.0,1.0]},"interpolation":"LINEAR"},{"time":0.4166666,"transformation":{"matrix":[0.1442794,0.989537,-2.84524E-8,0.0,-0.9895371,0.1442794,6.07815E-8,1.0,6.42507E-8,1.93852E-8,1.0,0.0,0.0,0.0,0.0,1.0]},"interpolation":"LINEAR"},{"time":0.4583333,"transformation":{"matrix":[0.1886556,0.9820433,-3.72036E-8,0.0,-0.9820433,0.1886556,5.93038E-8,1.0,6.52575E-8,2.53475E-8,1.0,0.0,0.0,0.0,0.0,1.0]},"interpolation":"LINEAR"},{"time":0.5,"transformation":{"matrix":[0.236259,0.9716901,-4.65911E-8,0.0,-0.9716902,0.236259,5.72621E-8,1.0,6.66486E-8,3.17435E-8,1.0,0.0,0.0,0.0,0.0,1.0]},"interpolation":"LINEAR"},{"time":0.5416667,"transformation":{"matrix":[0.28662,0.9580444,-5.65225E-8,0.0,-0.9580444,0.2866201,5.45711E-8,1.0,6.8482E-8,3.85099E-8,1.0,0.0,0.0,0.0,0.0,1.0]},"interpolation":"LINEAR"},{"time":0.5833333,"transformation":{"matrix":[0.3391921,0.9407172,-6.68899E-8,0.0,-0.9407172,0.3391922,5.11541E-8,1.0,7.08101E-8,4.55734E-8,1.0,0.0,0.0,0.0,0.0,1.0]},"interpolation":"LINEAR"},{"time":0.625,"transformation":{"matrix":[0.3933542,0.919387,-7.75709E-8,0.0,-0.919387,0.3933543,4.69477E-8,1.0,7.36759E-8,5.28506E-8,1.0,0.0,0.0,0.0,0.0,1.0]},"interpolation":"LINEAR"},{"time":0.6666667,"transformation":{"matrix":[0.4484207,0.8938227,-8.84302E-8,0.0,-0.8938227,0.4484208,4.19063E-8,1.0,7.71108E-8,6.02493E-8,1.0,0.0,0.0,0.0,0.0,1.0]},"interpolation":"LINEAR"},{"time":0.7083333,"transformation":{"matrix":[0.5036559,0.8639044,-9.93228E-8,0.0,-0.8639044,0.5036559,3.60063E-8,1.0,8.11305E-8,6.76706E-8,1.0,0.0,0.0,0.0,0.0,1.0]},"interpolation":"LINEAR"},{"time":0.75,"transformation":{"matrix":[0.5582978,0.8296406,-1.10098E-7,0.0,-0.8296406,0.5582979,2.92494E-8,1.0,8.57342E-8,7.50122E-8,1.0,0.0,0.0,0.0,0.0,1.0]},"interpolation":"LINEAR"},{"time":0.7916667,"transformation":{"matrix":[0.6115849,0.7911788,-1.20607E-7,0.0,-0.7911788,0.611585,2.16646E-8,1.0,9.09018E-8,8.21718E-8,1.0,0.0,0.0,0.0,0.0,1.0]},"interpolation":"LINEAR"},{"time":0.8333333,"transformation":{"matrix":[0.6627871,0.7488079,-1.30704E-7,0.0,-0.7488079,0.6627872,1.33089E-8,1.0,9.65948E-8,8.90513E-8,1.0,0.0,0.0,0.0,0.0,1.0]},"interpolation":"LINEAR"},{"time":0.875,"transformation":{"matrix":[0.7112372,0.7029521,-1.40259E-7,0.0,-0.7029521,0.7112373,4.26592E-9,1.0,1.02756E-7,9.5561E-8,1.0,0.0,0.0,0.0,0.0,1.0]},"interpolation":"LINEAR"},{"time":0.9166667,"transformation":{"matrix":[0.7563591,0.6541566,-1.49157E-7,0.0,-0.6541566,0.7563592,-5.35672E-9,1.0,1.09312E-7,1.01624E-7,1.0,0.0,0.0,0.0,0.0,1.0]},"interpolation":"LINEAR"},{"time":0.9583333,"transformation":{"matrix":[0.7976923,0.6030647,-1.57308E-7,0.0,-0.6030647,0.7976923,-1.54323E-8,1.0,1.16177E-7,1.07177E-7,1.0,0.0,0.0,0.0,0.0,1.0]},"interpolation":"LINEAR"},{"time":1.0,"transformation":{"matrix":[0.8349083,0.5503891,-1.64647E-7,0.0,-0.5503891,0.8349084,-2.58201E-8,1.0,1.23254E-7,1.12177E-7,1.0,0.0,0.0,0.0,0.0,1.0]},"interpolation":"LINEAR"},{"time":1.041667,"transformation":{"matrix":[0.867818,0.4968822,-1.71137E-7,0.0,-0.4968822,0.8678181,-3.63718E-8,1.0,1.30443E-7,1.16599E-7,1.0,0.0,0.0,0.0,0.0,1.0]},"interpolation":"LINEAR"},{"time":1.083333,"transformation":{"matrix":[0.896371,0.4433046,-1.76768E-7,0.0,-0.4433046,0.8963711,-4.69375E-8,1.0,1.37642E-7,1.20435E-7,1.0,0.0,0.0,0.0,0.0,1.0]},"interpolation":"LINEAR"},{"time":1.125,"transformation":{"matrix":[0.9206465,0.3903971,-1.81555E-7,0.0,-0.3903971,0.9206467,-5.73711E-8,1.0,1.4475E-7,1.23697E-7,1.0,0.0,0.0,0.0,0.0,1.0]},"interpolation":"LINEAR"},{"time":1.166667,"transformation":{"matrix":[0.9408377,0.3388571,-1.85537E-7,0.0,-0.3388571,0.9408379,-6.75349E-8,1.0,1.51675E-7,1.2641E-7,1.0,0.0,0.0,0.0,0.0,1.0]},"interpolation":"LINEAR"},{"time":1.208333,"transformation":{"matrix":[0.9572317,0.2893226,-1.8877E-7,0.0,-0.2893226,0.9572318,-7.73034E-8,1.0,1.58331E-7,1.28613E-7,1.0,0.0,0.0,0.0,0.0,1.0]},"interpolation":"LINEAR"},{"time":1.25,"transformation":{"matrix":[0.9701864,0.2423602,-1.91324E-7,0.0,-0.2423601,0.9701865,-8.65645E-8,1.0,1.6464E-7,1.30353E-7,1.0,0.0,0.0,0.0,0.0,1.0]},"interpolation":"LINEAR"},{"time":1.291667,"transformation":{"matrix":[0.9801084,0.1984632,-1.93281E-7,0.0,-0.1984632,0.9801084,-9.52212E-8,1.0,1.70538E-7,1.31686E-7,1.0,0.0,0.0,0.0,0.0,1.0]},"interpolation":"LINEAR"},{"time":1.333333,"transformation":{"matrix":[0.9874309,0.1580517,-1.94725E-7,0.0,-0.1580517,0.9874309,-1.03191E-7,1.0,1.75968E-7,1.3267E-7,1.0,0.0,0.0,0.0,0.0,1.0]},"interpolation":"LINEAR"},{"time":1.375,"transformation":{"matrix":[0.9925939,0.1214802,-1.95743E-7,0.0,-0.1214802,0.9925939,-1.10403E-7,1.0,1.80882E-7,1.33364E-7,1.0,0.0,0.0,0.0,0.0,1.0]},"interpolation":"LINEAR"},{"time":1.416667,"transformation":{"matrix":[0.9960276,0.08904609,-1.9642E-7,0.0,-0.08904603,0.9960276,-1.16799E-7,1.0,1.8524E-7,1.33825E-7,1.0,0.0,0.0,0.0,0.0,1.0]},"interp