{"mesh":{"vertices":[{"position":{"x":1.0,"y":1.0,"z":1.367312},"color":{"r":1.0,"g":0.0,"b":0.0,"a":1.0},"normal":{"x":-0.02782249,"y":0.0,"z":0.9996129},"influence":{"data":[{"boneId":"Armature_Bone","weight":0.1232711},{"boneId":"Armature_Bone_001","weight":0.8767289}]}},{"position":{"x":-0.9917792,"y":-0.9104724,"z":1.311874},"color":{"r":1.0,"g":0.0,"b":0.0,"a":1.0},"normal":{"x":-0.02782249,"y":0.0,"z":0.9996129},"influence":{"data":[{"boneId":"Armature_Bone","weight":0.1223233},{"boneId":"Armature_Bone_001","weight":0.8776767}]}},{"position":{"x":1.0,"y":-1.0,"z":1.367312},"color":{"r":1.0,"g":0.0,"b":0.0,"a":1.0},"normal":{"x":-0.02782249,"y":0.0,"z":0.9996129},"influence":{"data":[{"boneId":"Armature_Bone","weight":0.1111912},{"boneId":"Armature_Bone_001","weight":0.8888089}]}},{"position":{"x":1.0,"y":-1.0,"z":-1.0},"color":{"r":1.0,"g":0.0,"b":0.0,"a":1.0},"normal":{"x":0.0,"y":-0.9992511,"z":0.03869611},"influence":{"data":[{"boneId":"Armature_Bone","weight":0.8757072},{"boneId":"Armature_Bone_001","weight":0.1242928}]}},{"position":{"x":-0.9917792,"y":-0.9104724,"z":1.311874},"color":{"r":1.0,"g":0.0,"b":0.0,"a":1.0},"normal":{"x":0.0,"y":-0.9992511,"z":0.03869611},"influence":{"data":[{"boneId":"Armature_Bone","weight":0.1223233},{"boneId":"Armature_Bone_001","weight":0.8776767}]}},{"position":{"x":-1.0,"y":-1.0,"z":-1.0},"color":{"r":1.0,"g":0.0,"b":0.0,"a":1.0},"normal":{"x":0.0,"y":-0.9992511,"z":0.03869611},"influence":{"data":[{"boneId":"Armature_Bone","weight":0.8868387},{"boneId":"Armature_Bone_001","weight":0.1131613}]}},{"position":{"x":-0.9917792,"y":-0.9104724,"z":1.311874},"color":{"r":1.0,"g":0.0,"b":0.0,"a":1.0},"normal":{"x":-0.9999938,"y":0.0,"z":0.003555893},"influence":{"data":[{"boneId":"Armature_Bone","weight":0.1223233},{"boneId":"Armature_Bone_001","weight":0.8776767}]}},{"position":{"x":-1.0,"y":1.0,"z":-1.0},"color":{"r":1.0,"g":0.0,"b":0.0,"a":1.0},"normal":{"x":-0.9999938,"y":0.0,"z":0.003555893},"influence":{"data":[{"boneId":"Armature_Bone","weight":0.868348},{"boneId":"Armature_Bone_001","weight":0.131652}]}},{"position":{"x":-1.0,"y":-1.0,"z":-1.0},"color":{"r":1.0,"g":0.0,"b":0.0,"a":1.0},"normal":{"x":-0.9999938,"y":0.0,"z":0.003555893},"influence":{"data":[{"boneId":"Armature_Bone","weight":0.8868387},{"boneId":"Armature_Bone_001","weight":0.1131613}]}},{"position":{"x":1.0,"y":1.0,"z":-1.0},"color":{"r":1.0,"g":0.0,"b":0.0,"a":1.0},"normal":{"x":0.0,"y":0.0,"z":-1.0},"influence":{"data":[{"boneId":"Armature_Bone","weight":0.8835049},{"boneId":"Armature_Bone_001","weight":0.1164951}]}},{"position":{"x":-1.0,"y":-1.0,"z":-1.0},"color":{"r":1.0,"g":0.0,"b":0.0,"a":1.0},"normal":{"x":0.0,"y":0.0,"z":-1.0},"influence":{"data":[{"boneId":"Armature_Bone","weight":0.8868387},{"boneId":"Armature_Bone_001","weight":0.1131613}]}},{"position":{"x":-1.0,"y":1.0,"z":-1.0},"color":{"r":1.0,"g":0.0,"b":0.0,"a":1.0},"normal":{"x":0.0,"y":0.0,"z":-1.0},"influence":{"data":[{"boneId":"Armature_Bone","weight":0.868348},{"boneId":"Armature_Bone_001","weight":0.131652}]}},{"position":{"x":1.0,"y":1.0,"z":1.367312},"color":{"r":1.0,"g":0.0,"b":0.0,"a":1.0},"normal":{"x":1.0,"y":0.0,"z":0.0},"influence":{"data":[{"boneId":"Armature_Bone","weight":0.1232711},{"boneId":"Armature_Bone_001","weight":0.8767289}]}},{"position":{"x":1.0,"y":-1.0,"z":-1.0},"color":{"r":1.0,"g":0.0,"b":0.0,"a":1.0},"normal":{"x":1.0,"y":0.0,"z":0.0},"influence":{"data":[{"boneId":"Armature_Bone","weight":0.8757072},{"boneId":"Armature_Bone_001","weight":0.1242928}]}},{"position":{"x":1.0,"y":1.0,"z":-1.0},"color":{"r":1.0,"g":0.0,"b":0.0,"a":1.0},"normal":{"x":1.0,"y":0.0,"z":0.0},"influence":{"data":[{"boneId":"Armature_Bone","weight":0.8835049},{"boneId":"Armature_Bone_001","weight":0.1164951}]}},{"position":{"x":-0.9917792,"y":1.089528,"z":1.311874},"color":{"r":1.0,"g":0.0,"b":0.0,"a":1.0},"normal":{"x":0.0,"y":0.9992511,"z":-0.03869599},"influence":{"data":[{"boneId":"Armature_Bone","weight":0.1248826},{"boneId":"Armature_Bone_001","weight":0.8751174}]}},{"position":{"x":1.0,"y":1.0,"z":-1.0},"color":{"r":1.0,"g":0.0,"b":0.0,"a":1.0},"normal":{"x":0.0,"y":0.9992511,"z":-0.03869599},"influence":{"data":[{"boneId":"Armature_Bone","weight":0.8835049},{"boneId":"Armature_Bone_001","weight":0.1164951}]}},{"position":{"x":-1.0,"y":1.0,"z":-1.0},"color":{"r":1.0,"g":0.0,"b":0.0,"a":1.0},"normal":{"x":0.0,"y":0.9992511,"z":-0.03869599},"influence":{"data":[{"boneId":"Armature_Bone","weight":0.868348},{"boneId":"Armature_Bone_001","weight":0.131652}]}},{"position":{"x":1.0,"y":1.0,"z":1.367312},"color":{"r":1.0,"g":0.0,"b":0.0,"a":1.0},"normal":{"x":-0.02782261,"y":0.0,"z":0.9996129},"influence":{"data":[{"boneId":"Armature_Bone","weight":0.1232711},{"boneId":"Armature_Bone_001","weight":0.8767289}]}},{"position":{"x":-0.9917792,"y":1.089528,"z":1.311874},"color":{"r":1.0,"g":0.0,"b":0.0,"a":1.0},"normal":{"x":-0.02782261,"y":0.0,"z":0.9996129},"influence":{"data":[{"boneId":"Armature_Bone","weight":0.1248826},{"boneId":"Armature_Bone_001","weight":0.8751174}]}},{"position":{"x":-0.9917792,"y":-0.9104724,"z":1.311874},"color":{"r":1.0,"g":0.0,"b":0.0,"a":1.0},"normal":{"x":-0.02782261,"y":0.0,"z":0.9996129},"influence":{"data":[{"boneId":"Armature_Bone","weight":0.1223233},{"boneId":"Armature_Bone_001","weight":0.8776767}]}},{"position":{"x":1.0,"y":-1.0,"z":-1.0},"color":{"r":1.0,"g":0.0,"b":0.0,"a":1.0},"normal":{"x":-0.04490321,"y":-0.9989914,"z":0.0},"influence":{"data":[{"boneId":"Armature_Bone","weight":0.8757072},{"boneId":"Armature_Bone_001","weight":0.1242928}]}},{"position":{"x":1.0,"y":-1.0,"z":1.367312},"color":{"r":1.0,"g":0.0,"b":0.0,"a":1.0},"normal":{"x":-0.04490321,"y":-0.9989914,"z":0.0},"influence":{"data":[{"boneId":"Armature_Bone","weight":0.1111912},{"boneId":"Armature_Bone_001","weight":0.8888089}]}},{"position":{"x":-0.9917792,"y":-0.9104724,"z":1.311874},"color":{"r":1.0,"g":0.0,"b":0.0,"a":1.0},"normal":{"x":-0.04490321,"y":-0.9989914,"z":0.0},"influence":{"data":[{"boneId":"Armature_Bone","weight":0.1223233},{"boneId":"Armature_Bone_001","weight":0.8776767}]}},{"position":{"x":-0.9917792,"y":1.089528,"z":1.311874},"color":{"r":1.0,"g":0.0,"b":0.0,"a":1.0},"normal":{"x":-0.9999938,"y":0.0,"z":0.003555893},"influence":{"data":[{"boneId":"Armature_Bone","weight":0.1248826},{"boneId":"Armature_Bone_001","weight":0.8751174}]}},{"position":{"x":1.0,"y":-1.0,"z":-1.0},"color":{"r":1.0,"g":0.0,"b":0.0,"a":1.0},"normal":{"x":0.0,"y":0.0,"z":-1.0},"influence":{"data":[{"boneId":"Armature_Bone","weight":0.8757072},{"boneId":"Armature_Bone_001","weight":0.1242928}]}},{"position":{"x":1.0,"y":-1.0,"z":1.367312},"color":{"r":1.0,"g":0.0,"b":0.0,"a":1.0},"normal":{"x":1.0,"y":0.0,"z":0.0},"influence":{"data":[{"boneId":"Armature_Bone","weight":0.1111912},{"boneId":"Armature_Bone_001","weight":0.8888089}]}},{"position":{"x":-0.9917792,"y":1.089528,"z":1.311874},"color":{"r":1.0,"g":0.0,"b":0.0,"a":1.0},"normal":{"x":0.04490321,"y":0.9989914,"z":0.0},"influence":{"data":[{"boneId":"Armature_Bone","weight":0.1248826},{"boneId":"Armature_Bone_001","weight":0.8751174}]}},{"position":{"x":1.0,"y":1.0,"z":1.367312},"color":{"r":1.0,"g":0.0,"b":0.0,"a":1.0},"normal":{"x":0.04490321,"y":0.9989914,"z":0.0},"influence":{"data":[{"boneId":"Armature_Bone","weight":0.1232711},{"boneId":"Armature_Bone_001","weight":0.8767289}]}},{"position":{"x":1.0,"y":1.0,"z":-1.0},"color":{"r":1.0,"g":0.0,"b":0.0,"a":1.0},"normal":{"x":0.04490321,"y":0.9989914,"z":0.0},"influence":{"data":[{"boneId":"Armature_Bone","weight":0.8835049},{"boneId":"Armature_Bone_001","weight":0.1164951}]}}],"verticesOrder":[0,1,2,3,4,5,6,7,8,9,10,11,12,13,14,15,16,17,18,19,20,21,22,23,6,24,7,9,25,10,12,26,13,27,28,29]},"armature":{"type":"collada.Armature","rootBone":{"id":"Armature_Bone","childs":[{"id":"Armature_Bone_001","childs":[],"transformation":{"matrix":[1.0,0.0,0.0,0.0,0.0,0.9999897,0.004545407,1.0,0.0,-0.004545407,0.9999897,0.0,0.0,0.0,0.0,1.0]},"weights":[],"inverseBindPose":{"matrix":[1.0,0.0,0.0,0.0,0.0,0.00454539,0.9999897,-0.01655077,0.0,-0.9999897,0.00454539,-7.52308E-5,0.0,0.0,0.0,1.0]}}],"transformation":{"matrix":[1.0,0.0,0.0,0.0,0.0,0.0,-1.0,0.0,0.0,1.0,0.0,0.0,0.0,0.0,0.0,1.0]},"weights":[],"inverseBindPose":{"matrix":[1.0,0.0,0.0,0.0,0.0,0.0,1.0,0.9834491,0.0,-1.0,0.0,0.0,0.0,0.0,0.0,1.0]}}},"animations":{"type":"collada.Animations","animations":[{"name":"action_container-Armature","keyFrames":[{"time":0.04166662,"transformations":{"Armature_Bone":{"matrix":[1.0,0.0,0.0,0.0,0.0,0.0,-1.0,-1.33727E-7,0.0,1.0,0.0,0.9952977,0.0,0.0,0.0,1.0]},"Armature_Bone_001":{"matrix":[0.999934,-0.01145491,8.3454E-4,0.0,0.01145159,0.9999269,0.003869825,0.9999999,-8.78808E-4,-0.003860013,0.9999922,0.0,0.0,0.0,0.0,1.0]}},"interpolation":"LINEAR"},{"time":0.08333331,"transformations":{"Armature_Bone":{"matrix":[1.0,0.0,0.0,5.70053E-4,0.0,0.0,-1.0,-0.004056225,0.0,1.0,0.0,0.9422381,0.0,0.0,0.0,1.0]},"Armature_Bone_001":{"matrix":[0.9999402,-0.0109136,7.94928E-4,0.0,0.01091041,0.9999329,0.003901536,1.0,-8.37455E-4,-0.003892629,0.9999921,0.0,0.0,0.0,0.0,1.0]}},"interpolation":"LINEAR"},{"time":0.125,"transformations":{"Armature_Bone":{"matrix":[1.0,0.0,0.0,0.002040188,0.0,0.0,-1.0,-0.01451667,0.0,1.0,0.0,0.8054,0.0,0.0,0.0,1.0]},"Armature_Bone_001":{"matrix":[0.9999489,-0.01008848,7.34582E-4,0.0,0.01008551,0.9999413,0.003949913,0.9999999,-7.74387E-4,-0.003942303,0.9999919,0.0,0.0,0.0,0.0,1.0]}},"interpolation":"LINEAR"},{"time":0.1666666,"transformations":{"Armature_Bone":{"matrix":[1.0,0.0,0.0,0.004050374,0.0,0.0,-1.0,-0.02881973,0.0,1.0,0.0,0.6182947,0.0,0.0,0.0,1.0]},"Armature_Bone_001":{"matrix":[0.9999589,-0.009042624,6.58149E-4,0.0,0.009039915,0.9999511,0.004011305,1.0,-6.9439E-4,-0.00400519,0.9999918,0.0,0.0,0.0,0.0,1.0]}},"interpolation":"LINEAR"},{"time":0.2083333,"transformations":{"Armature_Bone":{"matrix":[1.0,0.0,0.0,0.006240576,0.0,0.0,-1.0,-0.04440366,0.0,1.0,0.0,0.4144339,0.0,0.0,0.0,1.0]},"Armature_Bone_001":{"matrix":[0.9999691,-0.007839077,5.70273E-4,0.0,0.007836686,0.999961,0.00408205,1.0,-6.0225E-4,-0.004077455,0.9999915,0.0,0.0,0.0,0.0,1.0]}},"interpolation":"LINEAR"},{"time":0.25,"transformations":{"Armature_Bone":{"matrix":[1.0,0.0,0.0,0.008250762,0.0,0.0,-1.0,-0.05870672,0.0,1.0,0.0,0.2273287,0.0,0.0,0.0,1.0]},"Armature_Bone_001":{"matrix":[0.9999785,-0.006540909,4.75585E-4,0.0,0.006538875,0.99997,0.004158474,1.0,-5.02771E-4,-0.004155275,0.9999913,0.0,0.0,0.0,0.0,1.0]}},"interpolation":"LINEAR"},{"time":0.2916666,"transformations":{"Armature_Bone":{"matrix":[1.0,0.0,0.0,0.009720896,0.0,0.0,-1.0,-0.06916716,0.0,1.0,0.0,0.09049046,0.0,0.0,0.0,1.0]},"Armature_Bone_001":{"matrix":[0.9999864,-0.005211184,3.787E-4,0.0,0.005209533,0.9999775,0.004236883,1.0,-4.00771E-4,-0.004234852,0.999991,0.0,0.0,0.0,0.0,1.0]}},"interpolation":"LINEAR"},{"time":0.3333333,"transformations":{"Armature_Bone":{"matrix":[1.0,0.0,0.0,0.01029095,0.0,0.0,-1.0,-0.07322326,0.0,1.0,0.0,0.03743076,0.0,0.0,0.0,1.0]},"Armature_Bone_001":{"matrix":[0.9999923,-0.00391298,2.84213E-4,0.0,0.003911717,0.9999831,0.004313555,1.0,-3.01087E-4,-0.00431241,0.9999907,0.0,0.0,0.0,0.0,1.0]}},"interpolation":"LINEAR"},{"time":0.375,"transformations":{"Armature_Bone":{"matrix":[1.0,0.0,0.0,0.01029095,0.0,0.0,-1.0,-0.07322326,0.0,1.0,0.0,0.03743076,0.0,0.0,0.0,1.0]},"Armature_Bone_001":{"matrix":[0.9999963,-0.002709368,1.96701E-4,0.0,0.00270848,0.9999867,0.00438475,1.0,-2.08579E-4,-0.004384201,0.9999903,0.0,0.0,0.0,0.0,1.0]}},"interpolation":"LINEAR"},{"time":0.4166666,"transformations":{"Armature_Bone":{"matrix":[1.0,0.0,0.0,0.01029095,0.0,0.0,-1.0,-0.07322326,0.0,1.0,0.0,0.03743076,0.0,0.0,0.0,1.0]},"Armature_Bone_001":{"matrix":[0.9999986,-0.001663429,1.20724E-4,0.0,0.001662876,0.9999888,0.004446703,1.0,-1.28119E-4,-0.004446496,0.9999902,0.0,0.0,0.0,0.0,1.0]}},"interpolation":"LINEAR"},{"time":0.4583333,"transformations":{"Armature_Bone":{"matrix":[1.0,0.0,0.0,0.01029095,0.0,0.0,-1.0,-0.07322326,0.0,1.0,0.0,0.03743076,0.0,0.0,0.0,1.0]},"Armature_Bone_001":{"matrix":[0.9999996,-8.38241E-4,6.08274E-5,0.0,8.37959E-4,0.9999896,0.004495637,1.0,-6.45952E-5,-0.004495584,0.9999899,0.0,0.0,0.0,0.0,1.0]}},"interpolation":"LINEAR"},{"time":0.5,"transformations":{"Armature_Bone":{"matrix":[1.0,0.0,0.0,0.01029095,0.0,0.0,-1.0,-0.07322326,0.0,1.0,0.0,0.03743076,0.0,0.0,0.0,1.0]},"Armature_Bone_001":{"matrix":[0.9999999,-2.96874E-4,2.15544E-5,0.0,2.96773E-4,0.9999897,0.004527766,1.0,-2.28983E-5,-0.00452776,0.9999897,0.0,0.0,0.0,0.0,1.0]}},"interpolation":"LINEAR"},{"time":0.5416667,"transformations":{"Armature_Bone":{"matrix":[1.0,0.0,0.0,0.01029095,0.0,0.0,-1.0,-0.07322326,0.0,1.0,0.0,0.03743076,0.0,0.0,0.0,1.0]},"Armature_Bone_001":{"matrix":[1.0,-1.02401E-4,7.45089E-6,0.0,1.02366E-4,0.9999897,0.004539313,1.0,-7.91565E-6,-0.004539312,0.9999897,0.0,0.0,0.0,0.0,1.0]}},"interpolation":"LINEAR"},{"time":0.5833333,"transformations":{"Armature_Bone":{"matrix":[1.0,0.0,0.0,0.01029095,0.0,0.0,-1.0,-0.07322326,0.0,1.0,0.0,0.03743076,0.0,0.0,0.0,1.0]},"Armature_Bone_001":{"matrix":[0.9987971,-0.04890169,0.003617389,0.0,0.0488957,0.9988024,0.001727534,1.0,-0.003697536,-0.001548581,0.999992,0.0,0.0,0.0,0.0,1.0]}},"interpolation":"LINEAR"},{"time":0.625,"transformations":{"Armature_Bone":{"matrix":[1.0,0.0,0.0,0.01029095,0.0,0.0,-1.0,-0.07322326,0.0,1.0,0.0,0.03743076,0.0,0.0,0.0,1.0]},"Armature_Bone_001":{"matrix":[0.9829907,-0.1830986,0.01428691,0.0,0.1831866,0.9830649,-0.005106959,1.0,-0.01310989,0.007637266,0.9998849,0.0,0.0,0.0,0.0,1.0]}},"interpolation":"LINEAR"},{"time":0.6666667,"transformations":{"Armature_Bone":{"matrix":[1.0,0.0,0.0,0.01029095,0.0,0.0,-1.0,-0.07322326,0.0,1.0,0.0,0.03743076,0.0,0.0,0.0,1.0]},"Armature_Bone_001":{"matrix":[0.9244823,-0.379877,0.03203041,0.0,0.3804151,0.9247301,-0.01259058,1.0,-0.02483661,0.02382462,0.9994076,0.0,0.0,0.0,0.0,1.0]}},"interpolation":"LINEAR"},{"time":0.7083333,"transformations":{"Armature_Bone":{"matrix":[1.0,0.0,0.0,0.01029095,0.0,0.0,-1.0,-0.07322326,0.0,1.0,0.0,0.03743076,0.0,0.0,0.0,1.0]},"Armature_Bone_001":{"matrix":[0.7981035,-0.5999593,0.05549457,0.0,0.6015391,0.7986712,-0.01658262,1.0,-0.03437301,0.04661681,0.9983213,0.0,0.0,0.0,0.0,1.0]}},"interpolation":"LINEAR"},{"time":0.75,"transformations":{"Armature_Bone":{"matrix":[1.0,0.0,0.0,0.01029095,0.0,0.0,-1.0,-0.07322326,0.0,1.0,0.0,0.03743076,0.0,0.0,0.0,1.0]},"Armature_Bone_001":{"matrix":[0.6057501,-0.7915406,0.08081037,0.0,0.7947547,0.6067659,-0.01414257,1.0,-0.03783857,0.07279127,0.9966292,0.0,0.0,0.0,0.0,1.0]}},"interpolation":"LINEAR"},{"time":0.7916667,"transformations":{"Armature_Bone":{"matrix":[1.0,0.0,0.0,0.01029095,0.0,0.0,-1.0,-0.07322326,0.0,1.0,0.0,0.03743076,0.0,0.0,0.0,1.0]},"Armature_Bone_001":{"matrix":[0.3850442,-0.9171297,0.1030249,0.0,0.922251,0.3865488,-0.00574646,1.0,-0.03455389,0.09722742,0.9946622,0.0,0.0,0.0,0.0,1.0]}},"interpolation":"LINEAR"},{"time":0.8333333,"transformations":{"Armature_Bone":{"matrix":[1.0,0.0,0.0,0.01029095,0.0,0.0,-1.0,-0.07322326,0.0,1.0,0.0,0.03743076,0.0,0.0,0.0,1.0]},"Armature_Bone_001":{"matrix":[0.1875146,-0.9750322,0.1189549,0.0,0.9818791,0.189442,0.005004636,1.0,-0.02741471,0.1158609,0.9928871,0.0,0.0,0.0,0.0,1.0]}},"interpolation":"LINEAR"},{"time":0.875,"transformations":{"Armature_Bone":{"matrix":[1.0,0.0,0.0,0.01029095,0.0,0.0,-1.0,-0.07322326,0.0,1.0,0.0,0.03743076,0.0,0.0,0.0,1.0]},"Armature_Bone_001":{"matrix":[0.05193407,-0.9903978,0.1281213,0.0,0.9984372,0.05414497,0.01383177,1.0,-0.02063607,0.1272027,0.991662,0.0,0.0,0.0,0.0,1.0]}},"interpolation":"LINEAR"},{"time":0.9166667,"transformations":{"Armature_Bone":{"matrix":[1.0,0.0,0.0,0.01029095,0.0,0.0,-1.0,-0.07322326,0.0,1.0,0.0,0.03743076,0.0,0.0,0.0,1.0]},"Armature_Bone_001":{"matrix":[6.86117E-4,-0.9913513,0.1312341,0.0,0.9998433,0.003002889,0.01745665,1.0,-0.01769977,0.1312015,0.9911977,0.0,0.0,0.0,0.0,1.0]}},"interpolation":"LINEAR"},{"time":0.9583333,"transformations":{"Armature_Bone":{"matrix":[1.0,0.0,0.0,0.01029095,0.0,0.0,-1.0,-0.07322326,0.0,1.0,0.0,0.03743076,0.0,0.0,0.0,1.0]},"Armature_Bone_001":{"matrix":[0.0876975,-0.9881672,0.1258355,0.0,0.9958915,0.08983409,0.01139512,1.0,-0.02256459,0.1243192,0.9919857,0.0,0.0,0.0,0.0,1.0]}},"interpolation":"LINEAR"},{"time":1.0,"transformations":{"Armature_Bone":{"matrix":[1.0,0.0,0.0,0.01029095,0.0,0.0,-1.0,-0.07322326,0.0,1.0,0.0,0.03743076,0.0,0.0,0.0,1.0]},"Armature_Bone_001":{"matrix":[0.3553362,-0.9287508,0.1056319,0.0,0.9341307,0.3569052,-0.004302506,1.0,-0.03370462,0.1002029,0.994396,0.0,0.0,0.0,0.0,1.0]}},"interpolation":"LINEAR"},{"time":1.041667,"transformations":{"Armature_Bone":{"matrix":[1.0,0.0,0.0,0.01029095,0.0,0.0,-1.0,-0.07322326,0.0,1.0,0.0,0.03743076,0.0,0.0,0.0,1.0]},"Armature_Bone_001":{"matrix":[0.7623612,-0.6442863,0.06083155,0.0,0.6461669,0.7630146,-0.0166476,1.0,-0.03568954,0.05199881,0.9980092,0.0,0.0,0.0,0.0,1.0]}},"interpolation":"LINEAR"},{"time":1.083333,"transformations":{"Armature_Bone":{"matrix":[1.0,0.0,0.0,0.01029095,0.0,0.0,-1.0,-0.07322326,0.0,1.0,0.0,0.03743076,0.0,0.0,0.0,1.0]},"Armature_Bone_001":{"matrix":[0.9999665,0.008160867,-5.89717E-4,0.0,-0.008157798,0.999954,0.005032455,1.0,6.30759E-4,-0.005027475,0.9999872,0.0,0.0,0.0,0.0,1.0]}},"interpolation":"LINEAR"},{"time":1.125,"transformations":{"Armature_Bone":{"matrix":[1.0,0.0,0.0,0.01029095,0.0,0.0,-1.0,-0.07322326,0.0,1.0,0.0,0.03743076,0.0,0.0,0.0,1.0]},"Armature_Bone_001":{"matrix":[0.7523047,0.6579883,-0.03300066,0.0,-0.6555763,0.7526272,0.06141709,1.0,0.06524892,-0.02456991,0.9975665,0.0,0.0,0.0,0.0,1.0]}},"interpolation":"LINEAR"},{"time":1.166667,"transformations":{"Armature_Bone":{"matrix":[1.0,0.0,0.0,0.01029095,0.0,0.0,-1.0,-0.07322326,0.0,1.0,0.0,0.03743076,0.0,0.0,0.0,1.0]},"Armature_Bone_001":{"matrix":[0.3420779,0.9392232,-0.02902965,0.0,-0.9330912,0.3431699,0.1075891,1.0,0.1110123,-0.009716554,0.9937716,0.0,0.0,0.0,0.0,1.0]}},"interpolation":"LINEAR"},{"time":1.208333,"transformations":{"Armature_Bone":{"matrix":[1.0,0.0,0.0,0.01029095,0.0,0.0,-1.0,-0.07322326,0.0,1.0,0.0,0.03743076,0.0,0.0,0.0,1.0]},"Armature_Bone_001":{"matrix":[0.07346582,0.997148,-0.01727678,0.0,-0.9886231,0.0750958,0.1303256,1.0,0.1312513,0.007505764,0.9913207,0.0,0.0,0.0,0.0,1.0]}},"interpolation":"LINEAR"},{"time":1.25,"transformations":{"Armature_Bone":{"matrix":[1.0,0.0,0.0,0.01029095,0.0,0.0,-1.0,-0.07322326,0.0,1.0,0.0,0.03743076,0.0,0.0,0.0,1.0]},"Armature_Bone_001":{"matrix":[-0.01559795,0.9998043,-0.01217984,0.0,-0.9904917,-0.01378515,0.1368814,1.0,0.1366867,0.01419908,0.9905126,0.0,0.0,0.0,0.0,1.0]}},"interpolation":"LINEAR"},{"time":1.291667,"transformations":{"Armature_Bone":{"matrix":[1.0,0.0,0.0,0.01029095,0.0,0.0,-1.0,-0.07322326,0.0,1.0,0.0,0.03743076,0.0,0.0,0.0,1.0]},"Armature_Bone_001":{"matrix":[0.04621975,0.9988064,-0.01577888,0.0,-0.9900402,0.04790543,0.1323814,1.0,0.1329793,0.009503136,0.9910733,0.0,0.0,0.0,0.0,1.0]}},"interpolation":"LINEAR"},{"time":1.333333,"transformations":{"Armature_Bone":{"matrix":[1.0,0.0,0.0,0.01029095,0.0,0.0,-1.0,-0.07322326,0.0,1.0,0.0,0.03743076,0.0,0.0,0.0,1.0]},"Armature_Bone_001":{"matrix":[0.2146372,0.9763951,-0.02415625,0.0,-0.9691245,0.2159818,0.1189517,1.0,0.1213612,-0.002121046,0.9926062,0.0,0.0,0.0,0.0,1.0]}},"interpolation":"LINEAR"},{"time":1.375,"transformations":{"Armature_Bone":{"matrix":[1.0,0.0,0.0,0.01029095,0.0,0.0,-1.0,-0.07322326,0.0,1.0,0.0,0.03743076,0.0,0.0,0.0,1.0]},"Armature_Bone_001":{"matrix":[0.4540773,0.8903825,-0.03213988,0.0,-0.8852566,0.4549518,0.09664277,1.0,0.1006711,-0.01543126,0.9948001,0.0,0.0,0.0,0.0,1.0]}},"interpolation":"LINEAR"},{"time":1.416667,"transformations":{"Armature_Bone":{"matrix":[1.0,0.0,0.0,0.01029095,0.0,0.0,-1.0,-0.07322326,0.0,1.0,0.0,0.03743076,0.0,0.0,0.0,1.0]},"Armature_Bone_001":{"matrix":[0.7004619,0.7128841,-0.03390224,0.0,-0.7099954,0.7008765,0.06840159,1.0,0.07252368,-0.02384228,0.9970816,0.0,0.0,0.0,0.0,1.0]}},"interpolation":"LINEAR"},{"time":1.458333,"transformations":{"Armature_Bone":{"matrix":[1.0,0.0,0.0,0.01029095,0.0,0.0,-1.0,-0.07322326,0.0,1.0,0.0,0.03743076,0.0,0.0,0.0,1.0]},"Armature_Bone_001":{"matrix":[0.8823509,0.4698124,-0.02707934,0.0,-0.4686133,0.8824562,0.04089917,1.0,0.04311127,-0.02339768,0.9987962,0.0,0.0,0.0,0.0,1.0]}},"interpolation":"LINEAR"},{"time":1.5,"transformations":{"Armature_Bone":{"matrix":[1.0,0.0,0.0,0.01029095,0.0,0.0,-1.0,-0.07322326,0.0,1.0,0.0,0.03743076,0.0,0.0,0.0,1.0]},"Armature_Bone_001":{"matrix":[0.9725755,0.2320899,-0.01520032,0.0,-0.2317687,0.9725591,0.02029933,1.0,0.01949448,-0.01621967,0.9996784,0.0,0.0,0.0,0.0,1.0]}},"interpolation":"LINEAR"},{"time":1.541667,"transformations":{"Armature_Bone":{"matrix":[1.0,0.0,0.0,0.01029095,0.0,0.0,-1.0,-0.07322326,0.0,1.0,0.0,0.03743076,0.0,0.0,0.0,1.0]},"Armature_Bone_001":{"matrix":[0.9979255,0.06421925,-0.004533374,0.0,-0.06417909,0.9979022,0.008508395,1.0,0.005070266,-0.008199797,0.9999536,0.0,0.0,0.0,0.0,1.0]}},"interpolation":"LINEAR"},{"time":1.583333,"transformations":{"Armature_Bone":{"matrix":[1.0,0.0,0.0,0.01029095,0.0,0.0,-1.0,-0.07322326,0.0,1.0,0.0,0.03743076,0.0,0.0,0.0,1.0]},"Armature_Bone_001":{"matrix":[0.9999969,0.002477181,-1.79403E-4,0.0,-0.002476312,0.9999859,0.00469274,1.0,1.91025E-4,-0.004692281,0.999989,0.0,0.0,0.0,0.0,1.0]}},"interpolation":"LINEAR"},{"time":1.625,"transformations":{"Armature_Bone":{"matrix":[1.0,0.0,0.0,0.01029095,0.0,0.0,-1.0,-0.07322326,0.0,1.0,0.0,0.03743076,0.0,0.0,0.0,1.0]},"Armature_Bone_001":{"matrix":[0.9999969,0.002477181,-1.79403E-4,0.0,-0.002476312,0.9999859,0.00469274,1.0,1.91025E-4,-0.004692281,0.999989,0.0,0.0,0.0,0.0,1.0]}},"interpolation":"LINEAR"},{"time":1.666667,"transformations":{"Armature_Bone":{"matrix":[1.0,0.0,0.0,0.01029095,0.0,0.0,-1.0,-0.07322326,0.0,1.0,0.0,0.03743076,0.0,0.0,0.0,1.0]},"Armature_Bone_001":{"matrix":[0.9999969,0.002477181,-1.79403E-4,0.0,-0.002476312,0.9999859,0.00469274,1.0,1.91025E-4,-0.004692281,0.999989,0.0,0.0,0.0,0.0,1.0]}},"interpolation":"LINEAR"},{"time":1.708333,"transformations":{"Armature_Bone":{"matrix":[1.0,0.0,0.0,0.01029095,0.0,0.0,-1.0,-0.07322326,0.0,1.0,0.0,0.03743076,0.0,0.0,0.0,1.0]},"Armature_Bone_001":{"matrix":[0.9999969,0.002477181,-1.79403E-4,0.0,-0.002476312,0.9999859,0.00469274,1.0,1.91025E-4,-0.004692281,0.999989,0.0,0.0,0.0,0.0,1.0]}},"interpolation":"LINEAR"},{"time":1.75,"transformations":{"Armature_Bone":{"matrix":[1.0,0.0,0.0,0.01029095,0.0,0.0,-1.0,-0.07322326,0.0,1.0,0.0,0.03743076,0.0,0.0,0.0,1.0]},"Armature_Bone_001":{"matrix":[0.9999969,0.002477181,-1.79403E-4,0.0,-0.002476312,0.9999859,0.00469274,1.0,1.91025E-4,-0.004692281,0.999989,0.0,0.0,0.0,0.0,1.0]}},"interpolation":"LINEAR"}]}]}}