{"mesh":{"vertices":[{"position":{"x":-1.0,"y":1.0,"z":-1.0},"color":{"r":1.0,"g":0.0,"b":0.0,"a":1.0},"normal":{"x":0.0,"y":0.0,"z":-1.0},"influence":{"data":[{"boneId":"Armature_Bone","weight":1.0}]}},{"position":{"x":1.0,"y":2.92026,"z":-1.0},"color":{"r":1.0,"g":0.0,"b":0.0,"a":1.0},"normal":{"x":0.0,"y":0.0,"z":-1.0},"influence":{"data":[{"boneId":"Armature_Bone","weight":0.1213632},{"boneId":"Armature_Bone_001","weight":0.810952},{"boneId":"Armature_Bone_002","weight":0.06768471}]}},{"position":{"x":1.0,"y":1.0,"z":-1.0},"color":{"r":1.0,"g":0.0,"b":0.0,"a":1.0},"normal":{"x":0.0,"y":0.0,"z":-1.0},"influence":{"data":[{"boneId":"Armature_Bone","weight":0.9172883},{"boneId":"Armature_Bone_001","weight":0.08271175}]}},{"position":{"x":-1.0,"y":1.0,"z":1.0},"color":{"r":1.0,"g":0.0,"b":0.0,"a":1.0},"normal":{"x":-1.0,"y":0.0,"z":0.0},"influence":{"data":[{"boneId":"Armature_Bone","weight":1.0}]}},{"position":{"x":-1.0,"y":-1.0,"z":-1.0},"color":{"r":1.0,"g":0.0,"b":0.0,"a":1.0},"normal":{"x":-1.0,"y":0.0,"z":0.0},"influence":{"data":[{"boneId":"Armature_Bone","weight":1.0}]}},{"position":{"x":-1.0,"y":-1.0,"z":1.0},"color":{"r":1.0,"g":0.0,"b":0.0,"a":1.0},"normal":{"x":-1.0,"y":0.0,"z":0.0},"influence":{"data":[{"boneId":"Armature_Bone","weight":1.0}]}},{"position":{"x":1.0,"y":-1.0,"z":-1.0},"color":{"r":1.0,"g":0.0,"b":0.0,"a":1.0},"normal":{"x":0.0,"y":0.0,"z":-1.0},"influence":{"data":[{"boneId":"Armature_Bone","weight":1.0}]}},{"position":{"x":-1.0,"y":-1.0,"z":-1.0},"color":{"r":1.0,"g":0.0,"b":0.0,"a":1.0},"normal":{"x":0.0,"y":0.0,"z":-1.0},"influence":{"data":[{"boneId":"Armature_Bone","weight":1.0}]}},{"position":{"x":1.0,"y":-1.0,"z":1.0},"color":{"r":1.0,"g":0.0,"b":0.0,"a":1.0},"normal":{"x":0.0,"y":-1.0,"z":0.0},"influence":{"data":[{"boneId":"Armature_Bone","weight":1.0}]}},{"position":{"x":-1.0,"y":-1.0,"z":-1.0},"color":{"r":1.0,"g":0.0,"b":0.0,"a":1.0},"normal":{"x":0.0,"y":-1.0,"z":0.0},"influence":{"data":[{"boneId":"Armature_Bone","weight":1.0}]}},{"position":{"x":1.0,"y":-1.0,"z":-1.0},"color":{"r":1.0,"g":0.0,"b":0.0,"a":1.0},"normal":{"x":0.0,"y":-1.0,"z":0.0},"influence":{"data":[{"boneId":"Armature_Bone","weight":1.0}]}},{"position":{"x":1.0,"y":1.0,"z":1.0},"color":{"r":1.0,"g":0.0,"b":0.0,"a":1.0},"normal":{"x":0.0,"y":0.0,"z":1.0},"influence":{"data":[{"boneId":"Armature_Bone","weight":0.9157466},{"boneId":"Armature_Bone_001","weight":0.08425337}]}},{"position":{"x":-1.0,"y":-1.0,"z":1.0},"color":{"r":1.0,"g":0.0,"b":0.0,"a":1.0},"normal":{"x":0.0,"y":0.0,"z":1.0},"influence":{"data":[{"boneId":"Armature_Bone","weight":1.0}]}},{"position":{"x":1.0,"y":-1.0,"z":1.0},"color":{"r":1.0,"g":0.0,"b":0.0,"a":1.0},"normal":{"x":0.0,"y":0.0,"z":1.0},"influence":{"data":[{"boneId":"Armature_Bone","weight":1.0}]}},{"position":{"x":1.0,"y":1.0,"z":-1.0},"color":{"r":1.0,"g":0.0,"b":0.0,"a":1.0},"normal":{"x":1.0,"y":0.0,"z":0.0},"influence":{"data":[{"boneId":"Armature_Bone","weight":0.9172883},{"boneId":"Armature_Bone_001","weight":0.08271175}]}},{"position":{"x":1.0,"y":-1.0,"z":1.0},"color":{"r":1.0,"g":0.0,"b":0.0,"a":1.0},"normal":{"x":1.0,"y":0.0,"z":0.0},"influence":{"data":[{"boneId":"Armature_Bone","weight":1.0}]}},{"position":{"x":1.0,"y":-1.0,"z":-1.0},"color":{"r":1.0,"g":0.0,"b":0.0,"a":1.0},"normal":{"x":1.0,"y":0.0,"z":0.0},"influence":{"data":[{"boneId":"Armature_Bone","weight":1.0}]}},{"position":{"x":-1.0,"y":2.92026,"z":-1.0},"color":{"r":1.0,"g":0.0,"b":0.0,"a":1.0},"normal":{"x":0.0,"y":0.0,"z":-1.0},"influence":{"data":[{"boneId":"Armature_Bone","weight":0.8299369},{"boneId":"Armature_Bone_001","weight":0.07876682},{"boneId":"Armature_Bone_002","weight":0.09129637}]}},{"position":{"x":1.0,"y":4.920229,"z":-1.0},"color":{"r":1.0,"g":0.0,"b":0.0,"a":1.0},"normal":{"x":0.0,"y":0.0,"z":-1.0},"influence":{"data":[{"boneId":"Armature_Bone_001","weight":0.136651},{"boneId":"Armature_Bone_002","weight":0.863349}]}},{"position":{"x":-1.0,"y":2.92026,"z":1.0},"color":{"r":1.0,"g":0.0,"b":0.0,"a":1.0},"normal":{"x":0.0,"y":0.0,"z":1.0},"influence":{"data":[{"boneId":"Armature_Bone","weight":0.8297463},{"boneId":"Armature_Bone_001","weight":0.08001965},{"boneId":"Armature_Bone_002","weight":0.09023398}]}},{"position":{"x":-1.0,"y":1.0,"z":1.0},"color":{"r":1.0,"g":0.0,"b":0.0,"a":1.0},"normal":{"x":0.0,"y":0.0,"z":1.0},"influence":{"data":[{"boneId":"Armature_Bone","weight":1.0}]}},{"position":{"x":1.0,"y":2.92026,"z":1.0},"color":{"r":1.0,"g":0.0,"b":0.0,"a":1.0},"normal":{"x":1.0,"y":0.0,"z":0.0},"influence":{"data":[{"boneId":"Armature_Bone","weight":0.1112861},{"boneId":"Armature_Bone_001","weight":0.8284096},{"boneId":"Armature_Bone_002","weight":0.06030428}]}},{"position":{"x":1.0,"y":1.0,"z":1.0},"color":{"r":1.0,"g":0.0,"b":0.0,"a":1.0},"normal":{"x":1.0,"y":0.0,"z":0.0},"influence":{"data":[{"boneId":"Armature_Bone","weight":0.9157466},{"boneId":"Armature_Bone_001","weight":0.08425337}]}},{"position":{"x":-1.0,"y":2.92026,"z":-1.0},"color":{"r":1.0,"g":0.0,"b":0.0,"a":1.0},"normal":{"x":-1.0,"y":0.0,"z":0.0},"influence":{"data":[{"boneId":"Armature_Bone","weight":0.8299369},{"boneId":"Armature_Bone_001","weight":0.07876682},{"boneId":"Armature_Bone_002","weight":0.09129637}]}},{"position":{"x":-1.0,"y":1.0,"z":-1.0},"color":{"r":1.0,"g":0.0,"b":0.0,"a":1.0},"normal":{"x":-1.0,"y":0.0,"z":0.0},"influence":{"data":[{"boneId":"Armature_Bone","weight":1.0}]}},{"position":{"x":-1.0,"y":4.920229,"z":1.0},"color":{"r":1.0,"g":0.0,"b":0.0,"a":1.0},"normal":{"x":-1.0,"y":0.0,"z":0.0},"influence":{"data":[{"boneId":"Armature_Bone","weight":0.08469259},{"boneId":"Armature_Bone_002","weight":0.9153074}]}},{"position":{"x":-1.0,"y":6.80546,"z":-1.0},"color":{"r":1.0,"g":0.0,"b":0.0,"a":1.0},"normal":{"x":-1.0,"y":0.0,"z":0.0},"influence":{"data":[{"boneId":"Armature_Bone_002","weight":0.9250454},{"boneId":"Armature_Bone_003","weight":0.07495462}]}},{"position":{"x":-1.0,"y":4.920229,"z":-1.0},"color":{"r":1.0,"g":0.0,"b":0.0,"a":1.0},"normal":{"x":-1.0,"y":0.0,"z":0.0},"influence":{"data":[{"boneId":"Armature_Bone","weight":0.08433032},{"boneId":"Armature_Bone_002","weight":0.9156696}]}},{"position":{"x":-1.0,"y":2.92026,"z":1.0},"color":{"r":1.0,"g":0.0,"b":0.0,"a":1.0},"normal":{"x":-1.0,"y":0.0,"z":0.0},"influence":{"data":[{"boneId":"Armature_Bone","weight":0.8297463},{"boneId":"Armature_Bone_001","weight":0.08001965},{"boneId":"Armature_Bone_002","weight":0.09023398}]}},{"position":{"x":1.0,"y":2.92026,"z":1.0},"color":{"r":1.0,"g":0.0,"b":0.0,"a":1.0},"normal":{"x":0.0,"y":0.0,"z":1.0},"influence":{"data":[{"boneId":"Armature_Bone","weight":0.1112861},{"boneId":"Armature_Bone_001","weight":0.8284096},{"boneId":"Armature_Bone_002","weight":0.06030428}]}},{"position":{"x":3.250304,"y":4.920229,"z":1.0},"color":{"r":1.0,"g":0.0,"b":0.0,"a":1.0},"normal":{"x":0.0,"y":0.0,"z":1.0},"influence":{"data":[{"boneId":"Armature_Bone_001","weight":0.8883629},{"boneId":"Armature_Bone_002","weight":0.1116371}]}},{"position":{"x":1.0,"y":4.920229,"z":1.0},"color":{"r":1.0,"g":0.0,"b":0.0,"a":1.0},"normal":{"x":0.0,"y":0.0,"z":1.0},"influence":{"data":[{"boneId":"Armature_Bone_001","weight":0.1243019},{"boneId":"Armature_Bone_002","weight":0.8134117},{"boneId":"Armature_Bone_003","weight":0.06228631}]}},{"position":{"x":-1.0,"y":4.920229,"z":1.0},"color":{"r":1.0,"g":0.0,"b":0.0,"a":1.0},"normal":{"x":0.0,"y":0.0,"z":1.0},"influence":{"data":[{"boneId":"Armature_Bone","weight":0.08469259},{"boneId":"Armature_Bone_002","weight":0.9153074}]}},{"position":{"x":3.250304,"y":2.92026,"z":-1.0},"color":{"r":1.0,"g":0.0,"b":0.0,"a":1.0},"normal":{"x":1.0,"y":0.0,"z":0.0},"influence":{"data":[{"boneId":"Armature_Bone_001","weight":1.0}]}},{"position":{"x":3.250304,"y":4.920229,"z":1.0},"color":{"r":1.0,"g":0.0,"b":0.0,"a":1.0},"normal":{"x":1.0,"y":0.0,"z":0.0},"influence":{"data":[{"boneId":"Armature_Bone_001","weight":0.8883629},{"boneId":"Armature_Bone_002","weight":0.1116371}]}},{"position":{"x":3.250304,"y":2.92026,"z":1.0},"color":{"r":1.0,"g":0.0,"b":0.0,"a":1.0},"normal":{"x":1.0,"y":0.0,"z":0.0},"influence":{"data":[{"boneId":"Armature_Bone_001","weight":1.0}]}},{"position":{"x":3.250304,"y":2.92026,"z":-1.0},"color":{"r":1.0,"g":0.0,"b":0.0,"a":1.0},"normal":{"x":0.0,"y":0.0,"z":-1.0},"influence":{"data":[{"boneId":"Armature_Bone_001","weight":1.0}]}},{"position":{"x":1.0,"y":4.920229,"z":1.0},"color":{"r":1.0,"g":0.0,"b":0.0,"a":1.0},"normal":{"x":0.0,"y":1.0,"z":0.0},"influence":{"data":[{"boneId":"Armature_Bone_001","weight":0.1243019},{"boneId":"Armature_Bone_002","weight":0.8134117},{"boneId":"Armature_Bone_003","weight":0.06228631}]}},{"position":{"x":3.250304,"y":4.920229,"z":-1.0},"color":{"r":1.0,"g":0.0,"b":0.0,"a":1.0},"normal":{"x":0.0,"y":1.0,"z":0.0},"influence":{"data":[{"boneId":"Armature_Bone_001","weight":0.8735899},{"boneId":"Armature_Bone_002","weight":0.1264101}]}},{"position":{"x":1.0,"y":4.920229,"z":-1.0},"color":{"r":1.0,"g":0.0,"b":0.0,"a":1.0},"normal":{"x":0.0,"y":1.0,"z":0.0},"influence":{"data":[{"boneId":"Armature_Bone_001","weight":0.136651},{"boneId":"Armature_Bone_002","weight":0.863349}]}},{"position":{"x":1.0,"y":2.92026,"z":-1.0},"color":{"r":1.0,"g":0.0,"b":0.0,"a":1.0},"normal":{"x":0.0,"y":-1.0,"z":0.0},"influence":{"data":[{"boneId":"Armature_Bone","weight":0.1213632},{"boneId":"Armature_Bone_001","weight":0.810952},{"boneId":"Armature_Bone_002","weight":0.06768471}]}},{"position":{"x":3.250304,"y":2.92026,"z":1.0},"color":{"r":1.0,"g":0.0,"b":0.0,"a":1.0},"normal":{"x":0.0,"y":-1.0,"z":0.0},"influence":{"data":[{"boneId":"Armature_Bone_001","weight":1.0}]}},{"position":{"x":1.0,"y":2.92026,"z":1.0},"color":{"r":1.0,"g":0.0,"b":0.0,"a":1.0},"normal":{"x":0.0,"y":-1.0,"z":0.0},"influence":{"data":[{"boneId":"Armature_Bone","weight":0.1112861},{"boneId":"Armature_Bone_001","weight":0.8284096},{"boneId":"Armature_Bone_002","weight":0.06030428}]}},{"position":{"x":-1.0,"y":6.80546,"z":-1.0},"color":{"r":1.0,"g":0.0,"b":0.0,"a":1.0},"normal":{"x":0.0,"y":0.0,"z":-1.0},"influence":{"data":[{"boneId":"Armature_Bone_002","weight":0.9250454},{"boneId":"Armature_Bone_003","weight":0.07495462}]}},{"position":{"x":1.0,"y":8.672996,"z":-1.0},"color":{"r":1.0,"g":0.0,"b":0.0,"a":1.0},"normal":{"x":0.0,"y":0.0,"z":-1.0},"influence":{"data":[{"boneId":"Armature_Bone_002","weight":0.1164696},{"boneId":"Armature_Bone_003","weight":0.8835304}]}},{"position":{"x":1.0,"y":6.80546,"z":-1.0},"color":{"r":1.0,"g":0.0,"b":0.0,"a":1.0},"normal":{"x":0.0,"y":0.0,"z":-1.0},"influence":{"data":[{"boneId":"Armature_Bone_002","weight":0.8130202},{"boneId":"Armature_Bone_003","weight":0.1869798}]}},{"position":{"x":1.0,"y":4.920229,"z":-1.0},"color":{"r":1.0,"g":0.0,"b":0.0,"a":1.0},"normal":{"x":1.0,"y":0.0,"z":0.0},"influence":{"data":[{"boneId":"Armature_Bone_001","weight":0.136651},{"boneId":"Armature_Bone_002","weight":0.863349}]}},{"position":{"x":1.0,"y":6.80546,"z":1.0},"color":{"r":1.0,"g":0.0,"b":0.0,"a":1.0},"normal":{"x":1.0,"y":0.0,"z":0.0},"influence":{"data":[{"boneId":"Armature_Bone_002","weight":0.1762989},{"boneId":"Armature_Bone_003","weight":0.823701}]}},{"position":{"x":1.0,"y":4.920229,"z":1.0},"color":{"r":1.0,"g":0.0,"b":0.0,"a":1.0},"normal":{"x":1.0,"y":0.0,"z":0.0},"influence":{"data":[{"boneId":"Armature_Bone_001","weight":0.1243019},{"boneId":"Armature_Bone_002","weight":0.8134117},{"boneId":"Armature_Bone_003","weight":0.06228631}]}},{"position":{"x":-1.0,"y":6.80546,"z":1.0},"color":{"r":1.0,"g":0.0,"b":0.0,"a":1.0},"normal":{"x":0.0,"y":0.0,"z":1.0},"influence":{"data":[{"boneId":"Armature_Bone_002","weight":0.8741915},{"boneId":"Armature_Bone_003","weight":0.1258085}]}},{"position":{"x":-1.0,"y":4.920229,"z":-1.0},"color":{"r":1.0,"g":0.0,"b":0.0,"a":1.0},"normal":{"x":0.0,"y":0.0,"z":-1.0},"influence":{"data":[{"boneId":"Armature_Bone","weight":0.08433032},{"boneId":"Armature_Bone_002","weight":0.9156696}]}},{"position":{"x":1.0,"y":8.672996,"z":-1.0},"color":{"r":1.0,"g":0.0,"b":0.0,"a":1.0},"normal":{"x":0.0,"y":1.0,"z":0.0},"influence":{"data":[{"boneId":"Armature_Bone_002","weight":0.1164696},{"boneId":"Armature_Bone_003","weight":0.8835304}]}},{"position":{"x":-1.0,"y":8.672996,"z":1.0},"color":{"r":1.0,"g":0.0,"b":0.0,"a":1.0},"normal":{"x":0.0,"y":1.0,"z":0.0},"influence":{"data":[{"boneId":"Armature_Bone_002","weight":0.498117},{"boneId":"Armature_Bone_003","weight":0.5018829}]}},{"position":{"x":1.0,"y":8.672996,"z":1.0},"color":{"r":1.0,"g":0.0,"b":0.0,"a":1.0},"normal":{"x":0.0,"y":1.0,"z":0.0},"influence":{"data":[{"boneId":"Armature_Bone_002","weight":0.06210279},{"boneId":"Armature_Bone_003","weight":0.9378972}]}},{"position":{"x":-1.0,"y":6.80546,"z":1.0},"color":{"r":1.0,"g":0.0,"b":0.0,"a":1.0},"normal":{"x":-1.0,"y":0.0,"z":0.0},"influence":{"data":[{"boneId":"Armature_Bone_002","weight":0.8741915},{"boneId":"Armature_Bone_003","weight":0.1258085}]}},{"position":{"x":-1.0,"y":8.672996,"z":-1.0},"color":{"r":1.0,"g":0.0,"b":0.0,"a":1.0},"normal":{"x":-1.0,"y":0.0,"z":0.0},"influence":{"data":[{"boneId":"Armature_Bone_002","weight":0.5074912},{"boneId":"Armature_Bone_003","weight":0.4925087}]}},{"position":{"x":1.0,"y":6.80546,"z":1.0},"color":{"r":1.0,"g":0.0,"b":0.0,"a":1.0},"normal":{"x":0.0,"y":0.0,"z":1.0},"influence":{"data":[{"boneId":"Armature_Bone_002","weight":0.1762989},{"boneId":"Armature_Bone_003","weight":0.823701}]}},{"position":{"x":3.336858,"y":8.672996,"z":1.0},"color":{"r":1.0,"g":0.0,"b":0.0,"a":1.0},"normal":{"x":0.0,"y":0.0,"z":1.0},"influence":{"data":[{"boneId":"Armature_Bone_003","weight":1.0}]}},{"position":{"x":1.0,"y":8.672996,"z":1.0},"color":{"r":1.0,"g":0.0,"b":0.0,"a":1.0},"normal":{"x":0.0,"y":0.0,"z":1.0},"influence":{"data":[{"boneId":"Armature_Bone_002","weight":0.06210279},{"boneId":"Armature_Bone_003","weight":0.9378972}]}},{"position":{"x":-1.0,"y":8.672996,"z":1.0},"color":{"r":1.0,"g":0.0,"b":0.0,"a":1.0},"normal":{"x":0.0,"y":0.0,"z":1.0},"influence":{"data":[{"boneId":"Armature_Bone_002","weight":0.498117},{"boneId":"Armature_Bone_003","weight":0.5018829}]}},{"position":{"x":3.336858,"y":6.80546,"z":-1.0},"color":{"r":1.0,"g":0.0,"b":0.0,"a":1.0},"normal":{"x":1.0,"y":0.0,"z":0.0},"influence":{"data":[{"boneId":"Armature_Bone_002","weight":0.08341574},{"boneId":"Armature_Bone_003","weight":0.9165843}]}},{"position":{"x":3.336858,"y":8.672996,"z":1.0},"color":{"r":1.0,"g":0.0,"b":0.0,"a":1.0},"normal":{"x":1.0,"y":0.0,"z":0.0},"influence":{"data":[{"boneId":"Armature_Bone_003","weight":1.0}]}},{"position":{"x":3.336858,"y":6.80546,"z":1.0},"color":{"r":1.0,"g":0.0,"b":0.0,"a":1.0},"normal":{"x":1.0,"y":0.0,"z":0.0},"influence":{"data":[{"boneId":"Armature_Bone_002","weight":0.01255446},{"boneId":"Armature_Bone_003","weight":0.9874455}]}},{"position":{"x":3.336858,"y":6.80546,"z":-1.0},"color":{"r":1.0,"g":0.0,"b":0.0,"a":1.0},"normal":{"x":0.0,"y":0.0,"z":-1.0},"influence":{"data":[{"boneId":"Armature_Bone_002","weight":0.08341574},{"boneId":"Armature_Bone_003","weight":0.9165843}]}},{"position":{"x":3.336858,"y":8.672996,"z":-1.0},"color":{"r":1.0,"g":0.0,"b":0.0,"a":1.0},"normal":{"x":0.0,"y":1.0,"z":0.0},"influence":{"data":[{"boneId":"Armature_Bone_003","weight":1.0}]}},{"position":{"x":1.0,"y":6.80546,"z":-1.0},"color":{"r":1.0,"g":0.0,"b":0.0,"a":1.0},"normal":{"x":0.0,"y":-1.0,"z":0.0},"influence":{"data":[{"boneId":"Armature_Bone_002","weight":0.8130202},{"boneId":"Armature_Bone_003","weight":0.1869798}]}},{"position":{"x":3.336858,"y":6.80546,"z":1.0},"color":{"r":1.0,"g":0.0,"b":0.0,"a":1.0},"normal":{"x":0.0,"y":-1.0,"z":0.0},"influence":{"data":[{"boneId":"Armature_Bone_002","weight":0.01255446},{"boneId":"Armature_Bone_003","weight":0.9874455}]}},{"position":{"x":1.0,"y":6.80546,"z":1.0},"color":{"r":1.0,"g":0.0,"b":0.0,"a":1.0},"normal":{"x":0.0,"y":-1.0,"z":0.0},"influence":{"data":[{"boneId":"Armature_Bone_002","weight":0.1762989},{"boneId":"Armature_Bone_003","weight":0.823701}]}},{"position":{"x":-1.0,"y":-1.0,"z":1.0},"color":{"r":1.0,"g":0.0,"b":0.0,"a":1.0},"normal":{"x":0.0,"y":-1.0,"z":0.0},"influence":{"data":[{"boneId":"Armature_Bone","weight":1.0}]}},{"position":{"x":1.0,"y":2.92026,"z":-1.0},"color":{"r":1.0,"g":0.0,"b":0.0,"a":1.0},"normal":{"x":1.0,"y":0.0,"z":0.0},"influence":{"data":[{"boneId":"Armature_Bone","weight":0.1213632},{"boneId":"Armature_Bone_001","weight":0.810952},{"boneId":"Armature_Bone_002","weight":0.06768471}]}},{"position":{"x":3.250304,"y":2.92026,"z":1.0},"color":{"r":1.0,"g":0.0,"b":0.0,"a":1.0},"normal":{"x":0.0,"y":0.0,"z":1.0},"influence":{"data":[{"boneId":"Armature_Bone_001","weight":1.0}]}},{"position":{"x":3.250304,"y":4.920229,"z":-1.0},"color":{"r":1.0,"g":0.0,"b":0.0,"a":1.0},"normal":{"x":1.0,"y":0.0,"z":0.0},"influence":{"data":[{"boneId":"Armature_Bone_001","weight":0.8735899},{"boneId":"Armature_Bone_002","weight":0.1264101}]}},{"position":{"x":3.250304,"y":4.920229,"z":-1.0},"color":{"r":1.0,"g":0.0,"b":0.0,"a":1.0},"normal":{"x":0.0,"y":0.0,"z":-1.0},"influence":{"data":[{"boneId":"Armature_Bone_001","weight":0.8735899},{"boneId":"Armature_Bone_002","weight":0.1264101}]}},{"position":{"x":3.250304,"y":4.920229,"z":1.0},"color":{"r":1.0,"g":0.0,"b":0.0,"a":1.0},"normal":{"x":0.0,"y":1.0,"z":0.0},"influence":{"data":[{"boneId":"Armature_Bone_001","weight":0.8883629},{"boneId":"Armature_Bone_002","weight":0.1116371}]}},{"position":{"x":3.250304,"y":2.92026,"z":-1.0},"color":{"r":1.0,"g":0.0,"b":0.0,"a":1.0},"normal":{"x":0.0,"y":-1.0,"z":0.0},"influence":{"data":[{"boneId":"Armature_Bone_001","weight":1.0}]}},{"position":{"x":-1.0,"y":8.672996,"z":-1.0},"color":{"r":1.0,"g":0.0,"b":0.0,"a":1.0},"normal":{"x":0.0,"y":0.0,"z":-1.0},"influence":{"data":[{"boneId":"Armature_Bone_002","weight":0.5074912},{"boneId":"Armature_Bone_003","weight":0.4925087}]}},{"position":{"x":1.0,"y":6.80546,"z":-1.0},"color":{"r":1.0,"g":0.0,"b":0.0,"a":1.0},"normal":{"x":1.0,"y":0.0,"z":0.0},"influence":{"data":[{"boneId":"Armature_Bone_002","weight":0.8130202},{"boneId":"Armature_Bone_003","weight":0.1869798}]}},{"position":{"x":-1.0,"y":8.672996,"z":-1.0},"color":{"r":1.0,"g":0.0,"b":0.0,"a":1.0},"normal":{"x":0.0,"y":1.0,"z":0.0},"influence":{"data":[{"boneId":"Armature_Bone_002","weight":0.5074912},{"boneId":"Armature_Bone_003","weight":0.4925087}]}},{"position":{"x":-1.0,"y":8.672996,"z":1.0},"color":{"r":1.0,"g":0.0,"b":0.0,"a":1.0},"normal":{"x":-1.0,"y":0.0,"z":0.0},"influence":{"data":[{"boneId":"Armature_Bone_002","weight":0.498117},{"boneId":"Armature_Bone_003","weight":0.5018829}]}},{"position":{"x":3.336858,"y":6.80546,"z":1.0},"color":{"r":1.0,"g":0.0,"b":0.0,"a":1.0},"normal":{"x":0.0,"y":0.0,"z":1.0},"influence":{"data":[{"boneId":"Armature_Bone_002","weight":0.01255446},{"boneId":"Armature_Bone_003","weight":0.9874455}]}},{"position":{"x":3.336858,"y":8.672996,"z":-1.0},"color":{"r":1.0,"g":0.0,"b":0.0,"a":1.0},"normal":{"x":1.0,"y":0.0,"z":0.0},"influence":{"data":[{"boneId":"Armature_Bone_003","weight":1.0}]}},{"position":{"x":3.336858,"y":8.672996,"z":-1.0},"color":{"r":1.0,"g":0.0,"b":0.0,"a":1.0},"normal":{"x":0.0,"y":0.0,"z":-1.0},"influence":{"data":[{"boneId":"Armature_Bone_003","weight":1.0}]}},{"position":{"x":3.336858,"y":8.672996,"z":1.0},"color":{"r":1.0,"g":0.0,"b":0.0,"a":1.0},"normal":{"x":0.0,"y":1.0,"z":0.0},"influence":{"data":[{"boneId":"Armature_Bone_003","weight":1.0}]}},{"position":{"x":3.336858,"y":6.80546,"z":-1.0},"color":{"r":1.0,"g":0.0,"b":0.0,"a":1.0},"normal":{"x":0.0,"y":-1.0,"z":0.0},"influence":{"data":[{"boneId":"Armature_Bone_002","weight":0.08341574},{"boneId":"Armature_Bone_003","weight":0.9165843}]}}],"verticesOrder":[0,1,2,3,4,5,0,6,7,8,9,10,11,12,13,14,15,16,17,18,1,11,19,20,14,21,22,3,23,24,25,26,27,28,27,23,29,30,31,29,32,19,33,34,35,18,36,1,37,38,39,40,41,42,43,44,45,46,47,48,31,49,32,50,45,18,51,52,53,54,55,26,56,57,58,56,59,49,60,61,62,44,63,45,53,64,51,65,66,67,0,17,1,3,24,4,0,2,6,8,68,9,11,20,12,14,22,15,17,50,18,11,29,19,14,69,21,3,28,23,25,54,26,28,25,27,29,70,30,29,31,32,33,71,34,18,72,36,37,73,38,40,74,41,43,75,44,46,76,47,31,56,49,50,43,45,51,77,52,54,78,55,56,79,57,56,58,59,60,80,61,44,81,63,53,82,64,65,83,66]},"armature":{"type":"collada.Armature","rootBone":{"id":"Armature_Bone","childs":[{"id":"Armature_Bone_001","childs":[],"transformation":{"matrix":[0.01051956,0.9999447,0.0,4.514778,-0.9999447,0.01051956,0.0,0.0,0.0,0.0,1.0,0.0,0.0,0.0,0.0,1.0]},"weights":[],"inverseBindPose":{"matrix":[1.0,0.0,0.0,-0.04749351,0.0,1.0,0.0,-3.707136,0.0,0.0,1.0,0.0,0.0,0.0,0.0,1.0]}},{"id":"Armature_Bone_002","childs":[{"id":"Armature_Bone_003","childs":[],"transformation":{"matrix":[0.02238242,0.9997495,0.0,4.036958,-0.9997495,0.02238226,0.0,0.0,0.0,0.0,1.0,0.0,0.0,0.0,0.0,1.0]},"weights":[],"inverseBindPose":{"matrix":[0.9997494,0.02238225,0.0,-0.220812,-0.02238243,0.9997494,0.0,-7.74109,0.0,0.0,1.0,0.0,0.0,0.0,0.0,1.0]}}],"transformation":{"matrix":[0.9999447,-0.01051959,0.0,4.514778,0.01051959,0.9999447,0.0,0.0,0.0,0.0,1.0,0.0,0.0,0.0,0.0,1.0]},"weights":[],"inverseBindPose":{"matrix":[0.0,1.0,0.0,-3.707136,-1.0,0.0,0.0,0.04749357,0.0,0.0,1.0,0.0,0.0,0.0,0.0,1.0]}}],"transformation":{"matrix":[0.01051959,-0.9999447,0.0,0.0,0.9999447,0.01051956,0.0,-0.8073915,0.0,0.0,1.0,0.0,0.0,0.0,0.0,1.0]},"weights":[],"inverseBindPose":{"matrix":[0.01051956,0.9999447,0.0,0.8073469,-0.9999447,0.01051956,0.0,0.008493423,0.0,0.0,1.0,0.0,0.0,0.0,0.0,1.0]}}},"animations":{"type":"collada.Animations","animations":[{"name":"action_container-Armature","keyFrames":[{"time":0.04166662,"transformations":{"Armature_Bone":{"matrix":[0.01051959,-0.9999447,0.0,0.02374681,0.9999447,0.01051956,0.0,0.09498727,0.0,0.0,1.0,0.0,0.0,0.0,0.0,1.0]},"Armature_Bone_001":{"matrix":[0.01169031,0.9999317,0.0,4.514778,-0.9999317,0.01169031,0.0,7.45058E-9,0.0,0.0,1.0,0.0,0.0,0.0,0.0,1.0]},"Armature_Bone_003":{"matrix":[0.01446955,0.9998954,2.23786E-16,4.036958,-0.9998954,0.01446939,0.0,-7.45058E-9,0.0,0.0,1.0,0.0,0.0,0.0,0.0,1.0]}},"interpolation":"LINEAR"},{"time":0.08333331,"transformations":{"Armature_Bone":{"matrix":[0.01051959,-0.9999447,0.0,1.021113,0.9999447,0.01051956,0.0,0.1187339,0.0,0.0,1.0,0.0,0.0,0.0,0.0,1.0]},"Armature_Bone_001":{"matrix":[0.02148472,0.9997692,0.0,4.514778,-0.9997692,0.02148472,0.0,0.0,0.0,0.0,1.0,0.0,0.0,0.0,0.0,1.0]},"Armature_Bone_003":{"matrix":[0.006046862,0.9999818,2.23786E-16,4.036958,-0.9999818,0.0060467,0.0,0.0,0.0,-2.22469E-16,1.0,0.0,0.0,0.0,0.0,1.0]}},"interpolation":"LINEAR"},{"time":0.125,"transformations":{"Armature_Bone":{"matrix":[0.01051959,-0.9999447,0.0,1.016212,0.9999447,0.01051956,0.0,0.6185889,0.0,0.0,1.0,0.0,0.0,0.0,0.0,1.0]},"Armature_Bone_001":{"matrix":[0.0483755,0.9988292,0.0,4.514778,-0.9988292,0.0483755,0.0,1.19209E-7,0.0,0.0,1.0,0.0,0.0,0.0,0.0,1.0]},"Armature_Bone_003":{"matrix":[-0.0170788,0.9998541,2.23788E-16,4.036958,-0.9998541,-0.01707897,0.0,0.0,0.0,-2.27463E-16,1.0,0.0,0.0,0.0,0.0,1.0]}},"interpolation":"LINEAR"},{"time":0.1666666,"transformations":{"Armature_Bone":{"matrix":[0.01051959,-0.9999447,0.0,0.9498273,0.9999447,0.01051956,0.0,1.068523,0.0,0.0,1.0,2.37256E-16,0.0,0.0,0.0,1.0]},"Armature_Bone_001":{"matrix":[0.08859753,0.9960676,0.0,4.514778,-0.9960676,0.08859752,0.0,5.96046E-8,0.0,0.0,1.0,0.0,0.0,0.0,0.0,1.0]},"Armature_Bone_003":{"matrix":[-0.05168359,0.9986636,2.23789E-16,4.036957,-0.9986636,-0.05168376,0.0,0.0,0.0,-2.34712E-16,1.0,0.0,0.0,0.0,0.0,1.0]}},"interpolation":"LINEAR"},{"time":0.2083333,"transformations":{"Armature_Bone":{"matrix":[0.01051959,-0.9999447,0.0,0.745159,0.9999447,0.01051956,0.0,1.071896,0.0,0.0,1.0,0.0,0.0,0.0,0.0,1.0]},"Armature_Bone_001":{"matrix":[0.1382617,0.9903957,0.0,4.514778,-0.9903957,0.1382617,0.0,0.0,0.0,0.0,1.0,0.0,0.0,0.0,0.0,1.0]},"Armature_Bone_003":{"matrix":[-0.09446596,0.9955282,2.23789E-16,4.036958,-0.9955281,-0.09446611,0.0,0.0,0.0,-2.43304E-16,1.0,0.0,0.0,0.0,0.0,1.0]}},"interpolation":"LINEAR"},{"time":0.25,"transformations":{"Armature_Bone":{"matrix":[0.01051959,-0.9999447,0.0,0.4518381,0.9999447,0.01051956,0.0,1.075609,0.0,0.0,1.0,0.0,0.0,0.0,0.0,1.0]},"Armature_Bone_001":{"matrix":[0.1933271,0.9811344,0.0,4.514778,-0.9811344,0.1933271,0.0,0.0,0.0,0.0,1.0,0.0,0.0,0.0,0.0,1.0]},"Armature_Bone_003":{"matrix":[-0.1420213,0.9898637,2.23787E-16,4.036958,-0.9898636,-0.1420215,0.0,0.0,0.0,-2.52369E-16,1.0,0.0,0.0,0.0,0.0,1.0]}},"interpolation":"LINEAR"},{"time":0.2916666,"transformations":{"Armature_Bone":{"matrix":[0.01051959,-0.9999447,0.0,0.1852331,0.9999447,0.01051956,0.0,1.078644,0.0,0.0,1.0,0.0,0.0,0.0,0.0,1.0]},"Armature_Bone_001":{"matrix":[0.2496893,0.968326,0.0,4.514778,-0.968326,0.2496893,0.0,0.0,0.0,0.0,1.0,0.0,0.0,0.0,0.0,1.0]},"Armature_Bone_003":{"matrix":[-0.1908919,0.9816111,2.23783E-16,4.036958,-0.9816111,-0.1908921,0.0,1.49012E-8,0.0,-2.61142E-16,1.0,0.0,0.0,0.0,0.0,1.0]}},"interpolation":"LINEAR"},{"time":0.3333333,"transformations":{"Armature_Bone":{"matrix":[0.01051959,-0.9999447,0.0,0.0607128,0.9999447,0.01051956,0.0,1.079987,0.0,0.0,1.0,0.0,0.0,0.0,0.0,1.0]},"Armature_Bone_001":{"matrix":[0.3033492,0.9528795,0.0,4.514778,-0.9528795,0.3033492,0.0,-7.45058E-9,0.0,0.0,1.0,0.0,0.0,0.0,0.0,1.0]},"Armature_Bone_003":{"matrix":[-0.2376704,0.971346,2.23776E-16,4.036958,-0.9713459,-0.2376706,0.0,-7.45058E-9,0.0,-2.69013E-16,1.0,0.0,0.0,0.0,0.0,1.0]}},"interpolation":"LINEAR"},{"time":0.375,"transformations":{"Armature_Bone":{"matrix":[0.01051959,-0.9999447,0.0,0.04814243,0.9999447,0.01051956,0.0,0.9712659,0.0,0.0,1.0,0.0,0.0,0.0,0.0,1.0]},"Armature_Bone_001":{"matrix":[0.3505869,0.9365302,0.0,4.514778,-0.9365302,0.3505869,0.0,0.0,0.0,0.0,1.0,0.0,0.0,0.0,0.0,1.0]},"Armature_Bone_003":{"matrix":[-0.2791101,0.9602591,2.23769E-16,4.036957,-0.9602591,-0.2791103,0.0,-7.45058E-9,0.0,-2.75541E-16,1.0,0.0,0.0,0.0,0.0,1.0]}},"interpolation":"LINEAR"},{"time":0.4166666,"transformations":{"Armature_Bone":{"matrix":[0.01051959,-0.9999447,0.0,0.03958622,0.9999447,0.01051956,0.0,0.7117819,0.0,0.0,1.0,0.0,0.0,0.0,0.0,1.0]},"Armature_Bone_001":{"matrix":[0.3880522,0.9216375,0.0,4.514778,-0.9216375,0.3880522,0.0,0.0,-2.24663E-16,0.0,1.0,0.0,0.0,0.0,0.0,1.0]},"Armature_Bone_003":{"matrix":[-0.312187,0.9500207,2.23762E-16,4.036958,-0.9500206,-0.3121872,0.0,-7.45058E-9,0.0,-2.80441E-16,1.0,0.0,0.0,0.0,0.0,1.0]}},"interpolation":"LINEAR"},{"time":0.4583333,"transformations":{"Armature_Bone":{"matrix":[0.01051959,-0.9999447,0.0,0.03371054,0.9999447,0.01051956,0.0,0.4020296,0.0,0.0,1.0,0.0,0.0,0.0,0.0,1.0]},"Armature_Bone_001":{"matrix":[0.4127081,0.9108634,0.0,4.514778,-0.9108634,0.4127081,0.0,-7.45058E-9,-2.27079E-16,0.0,1.0,0.0,0.0,0.0,0.0,1.0]},"Armature_Bone_003":{"matrix":[-0.3340723,0.9425476,2.23757E-16,4.036958,-0.9425475,-0.3340724,0.0,-7.45058E-9,0.0,-2.83528E-16,1.0,0.0,0.0,0.0,0.0,1.0]}},"interpolation":"LINEAR"},{"time":0.5,"transformations":{"Armature_Bone":{"matrix":[0.01051959,-0.9999447,0.0,0.02918174,0.9999447,0.01051956,0.0,0.1425031,0.0,0.0,1.0,0.0,0.0,0.0,0.0,1.0]},"Armature_Bone_001":{"matrix":[0.4216108,0.9067769,0.0,4.514778,-0.9067769,0.4216108,0.0,0.0,0.0,0.0,1.0,0.0,0.0,0.0,0.0,1.0]},"Armature_Bone_003":{"matrix":[-0.3419996,0.9397002,3.04387E-16,4.036958,-0.9397001,-0.3419997,-2.32535E-16,-7.45058E-9,0.0,-3.65559E-16,1.0,0.0,0.0,0.0,0.0,1.0]}},"interpolation":"LINEAR"},{"time":0.5416667,"transformations":{"Armature_Bone":{"matrix":[0.01051959,-0.9999447,0.0,0.02466619,0.9999447,0.01051956,0.0,0.03369707,0.0,0.0,1.0,0.0,0.0,0.0,0.0,1.0]},"Armature_Bone_001":{"matrix":[0.405298,0.9141847,0.0,4.514778,-0.9141846,0.405298,0.0,0.0,0.0,0.0,1.0,0.0,0.0,0.0,0.0,1.0]},"Armature_Bone_003":{"matrix":[-0.3279256,0.9447036,3.04599E-16,4.036957,-0.9447035,-0.3279257,-2.31937E-16,-7.45058E-9,0.0,-3.63814E-16,1.0,0.0,0.0,0.0,0.0,1.0]}},"interpolation":"LINEAR"},{"time":0.5833333,"transformations":{"Armature_Bone":{"matrix":[0.01051959,-0.9999447,0.0,0.01819615,0.9999447,0.01051956,0.0,0.03709882,0.0,0.0,1.0,0.0,0.0,0.0,0.0,1.0]},"Armature_Bone_001":{"matrix":[0.3596315,0.9330944,0.0,4.514778,-0.9330944,0.3596315,0.0,0.0,0.0,0.0,1.0,0.0,0.0,0.0,0.0,1.0]},"Armature_Bone_003":{"matrix":[-0.288802,0.9573889,3.05137E-16,4.036958,-0.9573888,-0.2888021,-2.30274E-16,-7.45058E-9,0.0,-3.58639E-16,1.0,0.0,0.0,0.0,0.0,1.0]}},"interpolation":"LINEAR"},{"time":0.625,"transformations":{"Armature_Bone":{"matrix":[0.01051959,-0.9999447,0.0,0.01038667,0.9999447,0.01051956,0.0,0.04476148,0.0,0.0,1.0,0.0,0.0,0.0,0.0,1.0]},"Armature_Bone_001":{"matrix":[0.2890909,0.9573017,0.0,4.514778,-0.9573017,0.2890909,0.0,-3.72529E-9,0.0,0.0,1.0,0.0,0.0,0.0,0.0,1.0]},"Armature_Bone_003":{"matrix":[-0.229048,0.9734152,3.05817E-16,4.036957,-0.9734151,-0.2290482,-2.27736E-16,0.0,0.0,-3.49849E-16,1.0,0.0,0.0,0.0,0.0,1.0]}},"interpolation":"LINEAR"},{"time":0.6666667,"transformations":{"Armature_Bone":{"matrix":[0.01051959,-0.9999447,0.0,0.00377822,0.9999447,0.01051956,0.0,0.05302793,0.0,0.0,1.0,0.0,0.0,0.0,0.0,1.0]},"Armature_Bone_001":{"matrix":[0.1987661,0.980047,0.0,4.514778,-0.980047,0.1987661,0.0,0.0,0.0,0.0,1.0,0.0,0.0,0.0,0.0,1.0]},"Armature_Bone_003":{"matrix":[-0.1534557,0.9881556,3.06441E-16,4.036957,-0.9881555,-0.1534559,-2.24524E-16,0.0,0.0,-3.37266E-16,1.0,0.0,0.0,0.0,0.0,1.0]}},"interpolation":"LINEAR"},{"time":0.7083333,"transformations":{"Armature_Bone":{"matrix":[0.01051959,-0.9999447,0.0,9.11286E-4,0.9999447,0.01051956,0.0,0.05824071,0.0,0.0,1.0,0.0,0.0,0.0,0.0,1.0]},"Armature_Bone_001":{"matrix":[0.09529068,0.9954495,0.0,4.514778,-0.9954495,0.09529068,0.0,3.72529E-9,0.0,0.0,1.0,0.0,0.0,0.0,0.0,1.0]},"Armature_Bone_003":{"matrix":[-0.0676947,0.9977062,3.06845E-16,4.036957,-0.9977061,-0.06769487,0.0,0.0,0.0,-3.21093E-16,1.0,0.0,0.0,0.0,0.0,1.0]}},"interpolation":"LINEAR"},{"time":0.75,"transformations":{"Armature_Bone":{"matrix":[0.01047236,-0.9954554,-0.09465206,7.89744E-4,0.9999447,0.01051957,-1.28057E-9,0.06024027,9.957E-4,-0.09464683,0.9955104,0.0,0.0,0.0,0.0,1.0]},"Armature_Bone_001":{"matrix":[-0.01312236,0.9999138,-1.16344E-10,4.514777,-0.9999138,-0.01312236,7.43711E-9,0.0,-3.30251E-11,2.3244E-10,0.9999999,3.85626E-10,0.0,0.0,0.0,1.0]},"Armature_Bone_003":{"matrix":[0.02170086,0.9997646,2.22045E-16,4.036958,-0.9997646,0.0217007,0.0,0.0,-7.421E-9,1.98497E-10,1.0,3.7835E-10,0.0,0.0,0.0,1.0]}},"interpolation":"LINEAR"},{"time":0.7916667,"transformations":{"Armature_Bone":{"matrix":[0.009962063,-0.9469484,-0.3212313,7.15921E-4,0.9999447,0.01051956,-3.49246E-9,0.06144369,0.003379217,-0.3212135,0.9470008,0.0,0.0,0.0,0.0,1.0]},"Armature_Bone_001":{"matrix":[-0.1175139,0.9930711,1.93845E-13,4.514777,-0.9930712,-0.1175139,-3.67392E-11,0.0,-3.05173E-8,-1.90858E-9,0.9999999,-1.80444E-9,0.0,0.0,0.0,1.0]},"Armature_Bone_003":{"matrix":[0.1078106,0.9941715,-2.22045E-16,4.036958,-0.9941715,0.1078105,-2.98023E-8,-7.45058E-9,-2.92148E-8,-2.0332E-9,0.9999999,5.38421E-10,0.0,0.0,0.0,1.0]}},"interpolation":"LINEAR"},{"time":0.8333333,"transformations":{"Armature_Bone":{"matrix":[0.008630157,-0.8203432,-0.5718065,6.77979E-4,0.9999447,0.01051957,-6.51926E-9,0.06205833,0.006015162,-0.5717748,0.8203886,0.0,0.0,0.0,0.0,1.0]},"Armature_Bone_001":{"matrix":[-0.209403,0.9778293,-4.653E-10,4.514777,-0.9778293,-0.209403,-6.85799E-11,3.72529E-9,2.76541E-8,-5.36115E-9,1.0,-3.7835E-10,0.0,0.0,0.0,1.0]},"Armature_Bone_003":{"matrix":[0.1840014,0.982926,1.33227E-15,4.036958,-0.9829261,0.1840012,0.0,-3.72529E-9,-2.80748E-8,1.77771E-9,1.0,-1.19326E-9,0.0,0.0,0.0,1.0]}},"interpolation":"LINEAR"},{"time":0.875,"transformations":{"Armature_Bone":{"matrix":[0.007014063,-0.6667245,-0.7452712,6.64076E-4,0.9999447,0.01051957,-9.31323E-9,0.06229198,0.007839938,-0.74523,0.6667615,0.0,0.0,0.0,0.0,1.0]},"Armature_Bone_001":{"matrix":[-0.2816949,0.9595039,4.66177E-10,4.514778,-0.9595039,-0.2816949,-9.79713E-11,0.0,-3.30631E-8,-4.21158E-9,1.0,-2.91038E-9,0.0,0.0,0.0,1.0]},"Armature_Bone_003":{"matrix":[0.2444296,0.9696671,0.0,4.036957,-0.9696671,0.2444294,0.0,-3.72529E-9,-2.68782E-8,-3.30083E-9,1.0,-1.74623E-10,0.0,0.0,0.0,1.0]}},"interpolation":"LINEAR"},{"time":0.9166667,"transformations":{"Armature_Bone":{"matrix":[0.006240501,-0.5931937,-0.8050357,6.62372E-4,0.9999447,0.01051956,-1.39698E-8,0.0623523,0.008468632,-0.8049911,0.5932265,0.0,0.0,0.0,0.0,1.0]},"Armature_Bone_001":{"matrix":[-0.3287616,0.9444129,-4.64889E-10,4.514777,-0.9444129,-0.3287616,-2.99493E-8,0.0,2.68058E-8,-6.57647E-9,1.0,-1.16415E-10,0.0,0.0,0.0,1.0]},"Armature_Bone_003":{"matrix":[0.2840956,0.958796,0.0,4.036958,-0.9587961,0.2840955,0.0,0.0,6.2172E-8,-6.2365E-9,1.0,-8.14907E-10,0.0,0.0,0.0,1.0]}},"interpolation":"LINEAR"},{"time":0.9583333,"transformations":{"Armature_Bone":{"matrix":[0.006256931,-0.5947554,-0.8038824,6.62985E-4,0.9999447,0.01051956,-1.30385E-8,0.06241202,0.008456499,-0.8038379,0.5947883,0.0,0.0,0.0,0.0,1.0]},"Armature_Bone_001":{"matrix":[-0.3456284,0.9383715,-4.6494E-10,4.514777,-0.9383714,-0.3456284,-1.3716E-10,-7.45058E-9,-3.29475E-8,-6.63149E-9,0.9999999,-1.22236E-9,0.0,0.0,0.0,1.0]},"Armature_Bone_003":{"matrix":[0.298385,0.9544457,1.77636E-15,4.036957,-0.9544458,0.2983849,0.0,0.0,2.7027E-9,8.64515E-9,1.0,-6.40284E-10,0.0,0.0,0.0,1.0]}},"interpolation":"LINEAR"},{"time":1.0,"transformations":{"Armature_Bone":{"matrix":[0.006304919,-0.599317,-0.8004869,6.6385E-4,0.9999447,0.01051956,-1.30385E-8,0.06250405,0.008420781,-0.8004426,0.5993502,0.0,0.0,0.0,0.0,1.0]},"Armature_Bone_001":{"matrix":[-0.3458188,0.9383014,-9.9385E-5,4.514778,-0.9382589,-0.3458021,0.00953878,0.0,0.008915869,0.003391944,0.9999546,2.09548E-9,0.0,0.0,0.0,1.0]},"Armature_Bone_003":{"matrix":[0.298546,0.9543954,8.33136E-7,4.036958,-0.9543489,0.2985313,-0.009864479,0.0,-0.009414849,0.002944209,0.9999512,2.91038E-10,0.0,0.0,0.0,1.0]}},"interpolation":"LINEAR"},{"time":1.041667,"transformations":{"Armature_Bone":{"matrix":[0.006382395,-0.6066815,-0.7949194,6.64854E-4,0.9999447,0.01051956,-1.30385E-8,0.06262654,0.008362213,-0.7948754,0.6067151,0.0,0.0,0.0,0.0,1.0]},"Armature_Bone_001":{"matrix":[-0.346326,0.9381141,-3.65018E-4,4.514777,-0.937512,-0.3460897,0.03595667,-3.72529E-9,0.03360518,0.01279496,0.9993532,1.45519E-9,0.0,0.0,0.0,1.0]},"Armature_Bone_003":{"matrix":[0.2989714,0.9542621,1.14331E-5,4.036958,-0.953602,0.2987649,-0.03718814,-7.45058E-9,-0.03549075,0.0111073,0.9993083,2.32831E-10,0.0,0.0,0.0,1.0]}},"interpolation":"LINEAR"},{"time":1.083333,"transformations":{"Armature_Bone":{"matrix":[0.006487131,-0.6166372,-0.7872207,6.65891E-4,0.9999447,0.01051956,-1.30385E-8,0.06277758,0.008281225,-0.7871771,0.6166713,0.0,0.0,0.0,0.0,1.0]},"Armature_Bone_001":{"matrix":[-0.3470584,0.9378433,-7.42111E-4,4.514777,-0.9351547,-0.3460034,0.07594243,0.0,0.07096532,0.02705044,0.997112,-2.32831E-10,0.0,0.0,0.0,1.0]},"Armature_Bone_003":{"matrix":[0.2995741,0.9540731,4.90264E-5,4.036958,-0.951124,0.2986519,-0.07855257,-3.72529E-9,-0.07495949,0.02348568,0.99691,-1.74623E-10,0.0,0.0,0.0,1.0]}},"interpolation":"LINEAR"},{"time":1.125,"transformations":{"Armature_Bone":{"matrix":[0.006616751,-0.6289584,-0.7774108,6.66851E-4,0.9999447,0.01051956,-1.30385E-8,0.06295526,0.00817803,-0.7773678,0.6289932,0.0,0.0,0.0,0.0,1.0]},"Armature_Bone_001":{"matrix":[-0.3479223,0.9375226,-0.001176746,4.514778,-0.9300952,-0.3450077,0.126066,0.0,0.1177837,0.04495563,0.9920211,2.79397E-9,0.0,0.0,0.0,1.0]},"Armature_Bone_003":{"matrix":[0.3002648,0.9538559,1.29032E-4,4.036958,-0.9457055,0.2977166,-0.1304072,0.0,-0.124428,0.03903466,0.9914604,4.65661E-10,0.0,0.0,0.0,1.0]}},"interpolation":"LINEAR"},{"time":1.166667,"transformations":{"Armature_Bone":{"matrix":[0.006768744,-0.6434063,-0.765495,6.67623E-4,0.9999447,0.01051956,-1.39698E-8,0.06315768,0.008052682,-0.7654526,0.6434419,0.0,0.0,0.0,0.0,1.0]},"Armature_Bone_001":{"matrix":[-0.3488191,0.9371886,-0.001625021,4.514777,-0.9215154,-0.3426687,0.1827221,-3.72529E-9,0.1706882,0.06523445,0.9831632,6.98492E-10,0.0,0.0,0.0,1.0]},"Armature_Bone_003":{"matrix":[0.3009521,0.9536393,2.5662E-4,4.036958,-0.9364362,0.2955738,-0.1890061,-7.45058E-9,-0.1803195,0.0566415,0.9819758,2.85218E-9,0.0,0.0,0.0,1.0]}},"interpolation":"LINEAR"},{"time":1.208333,"transformations":{"Armature_Bone":{"matrix":[0.006940464,-0.6597292,-0.7514714,6.68097E-4,0.9999447,0.01051956,-1.21072E-8,0.06338286,0.007905158,-0.7514298,0.6597657,0.0,0.0,0.0,0.0,1.0]},"Armature_Bone_001":{"matrix":[-0.3496438,0.9368805,-0.002059739,4.514777,-0.9091663,-0.3387685,0.2421828,0.0,0.2261986,0.08655037,0.9702284,1.10595E-9,0.0,0.0,0.0,1.0]},"Armature_Bone_003":{"matrix":[0.3015436,0.9534523,4.21401E-4,4.036957,-0.9230297,0.2920325,-0.2504667,0.0,-0.2389311,0.07513765,0.9681252,2.2701E-9,0.0,0.0,0.0,1.0]}},"interpolation":"LINEAR"},{"time":1.25,"transformations":{"Armature_Bone":{"matrix":[0.007129134,-0.6776633,-0.7353379,6.68166E-4,0.9999447,0.01051956,-1.30385E-8,0.06362891,0.007735441,-0.7352971,0.6777008,0.0,0.0,0.0,0.0,1.0]},"Armature_Bone_001":{"matrix":[-0.3502858,0.9366396,-0.002473884,4.514778,-0.8935406,-0.3333732,0.3007447,-3.72529E-9,0.2808647,0.1075571,0.9537014,1.28057E-9,0.0,0.0,0.0,1.0]},"Armature_Bone_003":{"matrix":[0.3019494,0.9533238,5.95735E-4,4.036958,-0.906014,0.2871589,-0.3109316,-3.72529E-9,-0.2965894,0.09334582,0.9504321,9.31323E-10,0.0,0.0,0.0,1.0]}},"interpolation":"LINEAR"},{"time":1.291667,"transformations":{"Armature_Bone":{"matrix":[0.00733187,-0.6969345,-0.7170973,6.67717E-4,0.9999447,0.01051956,-1.25729E-8,0.06389391,0.007543558,-0.7170576,0.6969731,0.0,0.0,0.0,0.0,1.0]},"Armature_Bone_001":{"matrix":[-0.3506324,0.9365087,-0.002879902,4.514777,-0.8759024,-0.3268497,0.3549145,-7.45058E-9,0.3314392,0.126967,0.9348943,-6.40284E-10,0.0,0.0,0.0,1.0]},"Armature_Bone_003":{"matrix":[0.302085,0.9532808,7.37081E-4,4.036958,-0.8867645,0.28129,-0.3667763,3.72529E-9,-0.349848,0.1101439,0.9303089,2.06637E-9,0.0,0.0,0.0,1.0]}},"interpolation":"LINEAR"},{"time":1.333333,"transformations":{"Armature_Bone":{"matrix":[0.007545695,-0.7172597,-0.6967651,6.66642E-4,0.9999447,0.01051956,-1.16415E-8,0.06417596,0.007329672,-0.6967266,0.7172994,0.0,0.0,0.0,0.0,1.0]},"Armature_Bone_001":{"matrix":[-0.3505706,0.9365305,-0.003304503,4.514778,-0.8581765,-0.3198235,0.4015548,0.0,0.3750114,0.1436091,0.9158291,1.42609E-9,0.0,0.0,0.0,1.0]},"Armature_Bone_003":{"matrix":[0.3018718,0.9533482,7.9386E-4,4.036958,-0.8673773,0.2749949,-0.4147706,-3.72529E-9,-0.3956391,0.1245189,0.9099256,7.567E-10,0.0,0.0,0.0,1.0]}},"interpolation":"LINEAR"},{"time":1.375,"transformations":{"Armature_Bone":{"matrix":[0.00776756,-0.7383493,-0.6743739,6.64831E-4,0.9999447,0.01051956,-1.07102E-8,0.06447321,0.007094125,-0.6743366,0.7383901,0.0,0.0,0.0,0.0,1.0]},"Armature_Bone_001":{"matrix":[-0.3499873,0.9367468,-0.003779197,4.514778,-0.8427302,-0.313094,0.4379244,-3.72529E-9,0.4090411,0.1564529,0.8990037,2.61934E-9,0.0,0.0,0.0,1.0]},"Armature_Bone_003":{"matrix":[0.3012359,0.9535494,7.14201E-4,4.036958,-0.8504266,0.2689968,-0.4521233,0.0,-0.4313141,0.1355884,0.8919552,-5.23869E-10,0.0,0.0,0.0,1.0]}},"interpolation":"LINEAR"},{"time":1.416667,"transformations":{"Armature_Bone":{"matrix":[0.007994393,-0.7599109,-0.649978,6.62176E-4,0.9999447,0.01051956,-1.11759E-8,0.06478369,0.006837491,-0.649942,0.759953,0.0,0.0,0.0,0.0,1.0]},"Armature_Bone_001":{"matrix":[-0.3487663,0.9371997,-0.004326966,4.514778,-0.8320939,-0.3075216,0.4615738,-3.72529E-9,0.4312562,0.1645819,0.8870913,-1.5134E-9,0.0,0.0,0.0,1.0]},"Armature_Bone_003":{"matrix":[0.3001017,0.9539072,4.56133E-4,4.036957,-0.8386558,0.2640709,-0.4763644,0.0,-0.4545279,0.1425752,0.8792478,-4.07454E-10,0.0,0.0,0.0,1.0]}},"interpolation":"LINEAR"},{"time":1.458333,"transformations":{"Armature_Bone":{"matrix":[0.008223129,-0.7816538,-0.6236584,6.58564E-4,0.9999447,0.01051956,-1.16415E-8,0.06510544,0.006560621,-0.6236239,0.781697,0.0,0.0,0.0,0.0,1.0]},"Armature_Bone_001":{"matrix":[-0.3467827,0.9379325,-0.004945482,4.514778,-0.8286473,-0.3038979,0.4700956,0.0,0.439415,0.1671191,0.8826017,-5.82077E-10,0.0,0.0,0.0,1.0]},"Armature_Bone_003":{"matrix":[0.298385,0.9544457,2.78685E-8,4.036957,-0.8346384,0.2609299,-0.4850715,3.72529E-9,-0.4629745,0.144738,0.8744745,-4.07454E-10,0.0,0.0,0.0,1.0]}},"interpolation":"LINEAR"},{"time":1.5,"transformat