{"mesh":{"vertices":[{"position":{"x":-1.0,"y":2.92026,"z":-1.0},"color":{"r":1.0,"g":0.0,"b":0.0,"a":1.0},"normal":{"x":-0.99999994,"y":0.0,"z":-0.0},"influence":{"data":[{"boneId":"Bone.001","weight":0.810952},{"boneId":"Bone","weight":0.12136326},{"boneId":"Bone.002","weight":0.06768471}]}},{"position":{"x":-1.0,"y":1.0,"z":-1.0},"color":{"r":1.0,"g":0.0,"b":0.0,"a":1.0},"normal":{"x":-0.99999994,"y":0.0,"z":-0.0},"influence":{"data":[{"boneId":"Bone","weight":0.91728824},{"boneId":"Bone.001","weight":0.082711786}]}},{"position":{"x":-1.0,"y":1.0,"z":1.0},"color":{"r":1.0,"g":0.0,"b":0.0,"a":1.0},"normal":{"x":-0.99999994,"y":0.0,"z":-0.0},"influence":{"data":[{"boneId":"Bone","weight":1.0}]}},{"position":{"x":-1.0,"y":2.92026,"z":1.0},"color":{"r":1.0,"g":0.0,"b":0.0,"a":1.0},"normal":{"x":-0.99999994,"y":0.0,"z":-0.0},"influence":{"data":[{"boneId":"Bone","weight":0.82993674},{"boneId":"Bone.002","weight":0.091296405},{"boneId":"Bone.001","weight":0.07876683}]}},{"position":{"x":-1.0,"y":1.0,"z":1.0},"color":{"r":1.0,"g":0.0,"b":0.0,"a":1.0},"normal":{"x":0.0,"y":0.0,"z":1.0},"influence":{"data":[{"boneId":"Bone","weight":1.0}]}},{"position":{"x":-1.0,"y":-1.0,"z":1.0},"color":{"r":1.0,"g":0.0,"b":0.0,"a":1.0},"normal":{"x":0.0,"y":0.0,"z":1.0},"influence":{"data":[{"boneId":"Bone","weight":1.0}]}},{"position":{"x":1.0,"y":-1.0,"z":1.0},"color":{"r":1.0,"g":0.0,"b":0.0,"a":1.0},"normal":{"x":0.0,"y":0.0,"z":1.0},"influence":{"data":[{"boneId":"Bone","weight":1.0}]}},{"position":{"x":1.0,"y":1.0,"z":1.0},"color":{"r":1.0,"g":0.0,"b":0.0,"a":1.0},"normal":{"x":0.0,"y":0.0,"z":1.0},"influence":{"data":[{"boneId":"Bone","weight":1.0}]}},{"position":{"x":-1.0,"y":1.0,"z":-1.0},"color":{"r":1.0,"g":0.0,"b":0.0,"a":1.0},"normal":{"x":-1.0,"y":0.0,"z":0.0},"influence":{"data":[{"boneId":"Bone","weight":0.91728824},{"boneId":"Bone.001","weight":0.082711786}]}},{"position":{"x":-1.0,"y":-1.0,"z":-1.0},"color":{"r":1.0,"g":0.0,"b":0.0,"a":1.0},"normal":{"x":-1.0,"y":0.0,"z":0.0},"influence":{"data":[{"boneId":"Bone","weight":1.0}]}},{"position":{"x":-1.0,"y":-1.0,"z":1.0},"color":{"r":1.0,"g":0.0,"b":0.0,"a":1.0},"normal":{"x":-1.0,"y":0.0,"z":0.0},"influence":{"data":[{"boneId":"Bone","weight":1.0}]}},{"position":{"x":-1.0,"y":1.0,"z":1.0},"color":{"r":1.0,"g":0.0,"b":0.0,"a":1.0},"normal":{"x":-1.0,"y":0.0,"z":0.0},"influence":{"data":[{"boneId":"Bone","weight":1.0}]}},{"position":{"x":-1.0,"y":-1.0,"z":1.0},"color":{"r":1.0,"g":0.0,"b":0.0,"a":1.0},"normal":{"x":0.0,"y":-1.0,"z":-0.0},"influence":{"data":[{"boneId":"Bone","weight":1.0}]}},{"position":{"x":-1.0,"y":-1.0,"z":-1.0},"color":{"r":1.0,"g":0.0,"b":0.0,"a":1.0},"normal":{"x":0.0,"y":-1.0,"z":-0.0},"influence":{"data":[{"boneId":"Bone","weight":1.0}]}},{"position":{"x":1.0,"y":-1.0,"z":-1.0},"color":{"r":1.0,"g":0.0,"b":0.0,"a":1.0},"normal":{"x":0.0,"y":-1.0,"z":-0.0},"influence":{"data":[{"boneId":"Bone","weight":1.0}]}},{"position":{"x":1.0,"y":-1.0,"z":1.0},"color":{"r":1.0,"g":0.0,"b":0.0,"a":1.0},"normal":{"x":0.0,"y":-1.0,"z":-0.0},"influence":{"data":[{"boneId":"Bone","weight":1.0}]}},{"position":{"x":1.0,"y":1.0,"z":1.0},"color":{"r":1.0,"g":0.0,"b":0.0,"a":1.0},"normal":{"x":1.0,"y":0.0,"z":-0.0},"influence":{"data":[{"boneId":"Bone","weight":1.0}]}},{"position":{"x":1.0,"y":-1.0,"z":1.0},"color":{"r":1.0,"g":0.0,"b":0.0,"a":1.0},"normal":{"x":1.0,"y":0.0,"z":-0.0},"influence":{"data":[{"boneId":"Bone","weight":1.0}]}},{"position":{"x":1.0,"y":-1.0,"z":-1.0},"color":{"r":1.0,"g":0.0,"b":0.0,"a":1.0},"normal":{"x":1.0,"y":0.0,"z":-0.0},"influence":{"data":[{"boneId":"Bone","weight":1.0}]}},{"position":{"x":1.0,"y":1.0,"z":-1.0},"color":{"r":1.0,"g":0.0,"b":0.0,"a":1.0},"normal":{"x":1.0,"y":0.0,"z":-0.0},"influence":{"data":[{"boneId":"Bone","weight":0.9157466},{"boneId":"Bone.001","weight":0.084253386}]}},{"position":{"x":1.0,"y":1.0,"z":-1.0},"color":{"r":1.0,"g":0.0,"b":0.0,"a":1.0},"normal":{"x":0.0,"y":0.0,"z":-1.0},"influence":{"data":[{"boneId":"Bone","weight":0.9157466},{"boneId":"Bone.001","weight":0.084253386}]}},{"position":{"x":1.0,"y":-1.0,"z":-1.0},"color":{"r":1.0,"g":0.0,"b":0.0,"a":1.0},"normal":{"x":0.0,"y":0.0,"z":-1.0},"influence":{"data":[{"boneId":"Bone","weight":1.0}]}},{"position":{"x":-1.0,"y":-1.0,"z":-1.0},"color":{"r":1.0,"g":0.0,"b":0.0,"a":1.0},"normal":{"x":0.0,"y":0.0,"z":-1.0},"influence":{"data":[{"boneId":"Bone","weight":1.0}]}},{"position":{"x":-1.0,"y":1.0,"z":-1.0},"color":{"r":1.0,"g":0.0,"b":0.0,"a":1.0},"normal":{"x":0.0,"y":0.0,"z":-1.0},"influence":{"data":[{"boneId":"Bone","weight":0.91728824},{"boneId":"Bone.001","weight":0.082711786}]}},{"position":{"x":-1.0,"y":4.920229,"z":-1.0},"color":{"r":1.0,"g":0.0,"b":0.0,"a":1.0},"normal":{"x":-1.0,"y":0.0,"z":-0.0},"influence":{"data":[{"boneId":"Bone.002","weight":0.86334896},{"boneId":"Bone.001","weight":0.13665104}]}},{"position":{"x":-1.0,"y":2.92026,"z":-1.0},"color":{"r":1.0,"g":0.0,"b":0.0,"a":1.0},"normal":{"x":-1.0,"y":0.0,"z":-0.0},"influence":{"data":[{"boneId":"Bone.001","weight":0.810952},{"boneId":"Bone","weight":0.12136326},{"boneId":"Bone.002","weight":0.06768471}]}},{"position":{"x":-1.0,"y":2.92026,"z":1.0},"color":{"r":1.0,"g":0.0,"b":0.0,"a":1.0},"normal":{"x":-1.0,"y":0.0,"z":-0.0},"influence":{"data":[{"boneId":"Bone","weight":0.82993674},{"boneId":"Bone.002","weight":0.091296405},{"boneId":"Bone.001","weight":0.07876683}]}},{"position":{"x":-1.0,"y":4.920229,"z":1.0},"color":{"r":1.0,"g":0.0,"b":0.0,"a":1.0},"normal":{"x":-1.0,"y":0.0,"z":-0.0},"influence":{"data":[{"boneId":"Bone.002","weight":0.9156696},{"boneId":"Bone","weight":0.084330365}]}},{"position":{"x":1.0,"y":2.92026,"z":1.0},"color":{"r":1.0,"g":0.0,"b":0.0,"a":1.0},"normal":{"x":0.99999994,"y":0.0,"z":-0.0},"influence":{"data":[{"boneId":"Bone","weight":0.8297463},{"boneId":"Bone.002","weight":0.09023402},{"boneId":"Bone.001","weight":0.08001969}]}},{"position":{"x":1.0,"y":1.0,"z":1.0},"color":{"r":1.0,"g":0.0,"b":0.0,"a":1.0},"normal":{"x":0.99999994,"y":0.0,"z":-0.0},"influence":{"data":[{"boneId":"Bone","weight":1.0}]}},{"position":{"x":1.0,"y":1.0,"z":-1.0},"color":{"r":1.0,"g":0.0,"b":0.0,"a":1.0},"normal":{"x":0.99999994,"y":0.0,"z":-0.0},"influence":{"data":[{"boneId":"Bone","weight":0.9157466},{"boneId":"Bone.001","weight":0.084253386}]}},{"position":{"x":1.0,"y":2.92026,"z":-1.0},"color":{"r":1.0,"g":0.0,"b":0.0,"a":1.0},"normal":{"x":0.99999994,"y":0.0,"z":-0.0},"influence":{"data":[{"boneId":"Bone.001","weight":0.8284096},{"boneId":"Bone","weight":0.11128608},{"boneId":"Bone.002","weight":0.060304333}]}},{"position":{"x":1.0,"y":2.92026,"z":-1.0},"color":{"r":1.0,"g":0.0,"b":0.0,"a":1.0},"normal":{"x":0.0,"y":0.0,"z":-0.99999994},"influence":{"data":[{"boneId":"Bone.001","weight":0.8284096},{"boneId":"Bone","weight":0.11128608},{"boneId":"Bone.002","weight":0.060304333}]}},{"position":{"x":1.0,"y":1.0,"z":-1.0},"color":{"r":1.0,"g":0.0,"b":0.0,"a":1.0},"normal":{"x":0.0,"y":0.0,"z":-0.99999994},"influence":{"data":[{"boneId":"Bone","weight":0.9157466},{"boneId":"Bone.001","weight":0.084253386}]}},{"position":{"x":-1.0,"y":1.0,"z":-1.0},"color":{"r":1.0,"g":0.0,"b":0.0,"a":1.0},"normal":{"x":0.0,"y":0.0,"z":-0.99999994},"influence":{"data":[{"boneId":"Bone","weight":0.91728824},{"boneId":"Bone.001","weight":0.082711786}]}},{"position":{"x":-1.0,"y":2.92026,"z":-1.0},"color":{"r":1.0,"g":0.0,"b":0.0,"a":1.0},"normal":{"x":0.0,"y":0.0,"z":-0.99999994},"influence":{"data":[{"boneId":"Bone.001","weight":0.810952},{"boneId":"Bone","weight":0.12136326},{"boneId":"Bone.002","weight":0.06768471}]}},{"position":{"x":-1.0,"y":2.92026,"z":1.0},"color":{"r":1.0,"g":0.0,"b":0.0,"a":1.0},"normal":{"x":0.0,"y":-0.0,"z":0.99999994},"influence":{"data":[{"boneId":"Bone","weight":0.82993674},{"boneId":"Bone.002","weight":0.091296405},{"boneId":"Bone.001","weight":0.07876683}]}},{"position":{"x":-1.0,"y":1.0,"z":1.0},"color":{"r":1.0,"g":0.0,"b":0.0,"a":1.0},"normal":{"x":0.0,"y":-0.0,"z":0.99999994},"influence":{"data":[{"boneId":"Bone","weight":1.0}]}},{"position":{"x":1.0,"y":1.0,"z":1.0},"color":{"r":1.0,"g":0.0,"b":0.0,"a":1.0},"normal":{"x":0.0,"y":-0.0,"z":0.99999994},"influence":{"data":[{"boneId":"Bone","weight":1.0}]}},{"position":{"x":1.0,"y":2.92026,"z":1.0},"color":{"r":1.0,"g":0.0,"b":0.0,"a":1.0},"normal":{"x":0.0,"y":-0.0,"z":0.99999994},"influence":{"data":[{"boneId":"Bone","weight":0.8297463},{"boneId":"Bone.002","weight":0.09023402},{"boneId":"Bone.001","weight":0.08001969}]}},{"position":{"x":-1.0,"y":6.8054605,"z":1.0},"color":{"r":1.0,"g":0.0,"b":0.0,"a":1.0},"normal":{"x":0.0,"y":-0.0,"z":1.0},"influence":{"data":[{"boneId":"Bone.002","weight":0.9250454},{"boneId":"Bone.003","weight":0.07495462}]}},{"position":{"x":-1.0,"y":4.920229,"z":1.0},"color":{"r":1.0,"g":0.0,"b":0.0,"a":1.0},"normal":{"x":0.0,"y":-0.0,"z":1.0},"influence":{"data":[{"boneId":"Bone.002","weight":0.9156696},{"boneId":"Bone","weight":0.084330365}]}},{"position":{"x":1.0,"y":4.920229,"z":1.0},"color":{"r":1.0,"g":0.0,"b":0.0,"a":1.0},"normal":{"x":0.0,"y":-0.0,"z":1.0},"influence":{"data":[{"boneId":"Bone.002","weight":0.9153074},{"boneId":"Bone","weight":0.08469262}]}},{"position":{"x":1.0,"y":6.8054605,"z":1.0},"color":{"r":1.0,"g":0.0,"b":0.0,"a":1.0},"normal":{"x":0.0,"y":-0.0,"z":1.0},"influence":{"data":[{"boneId":"Bone.002","weight":0.87419146},{"boneId":"Bone.003","weight":0.1258085}]}},{"position":{"x":-1.0,"y":2.92026,"z":1.0},"color":{"r":1.0,"g":0.0,"b":0.0,"a":1.0},"normal":{"x":0.0,"y":-0.0,"z":1.0},"influence":{"data":[{"boneId":"Bone","weight":0.82993674},{"boneId":"Bone.002","weight":0.091296405},{"boneId":"Bone.001","weight":0.07876683}]}},{"position":{"x":1.0,"y":2.92026,"z":1.0},"color":{"r":1.0,"g":0.0,"b":0.0,"a":1.0},"normal":{"x":0.0,"y":-0.0,"z":1.0},"influence":{"data":[{"boneId":"Bone","weight":0.8297463},{"boneId":"Bone.002","weight":0.09023402},{"boneId":"Bone.001","weight":0.08001969}]}},{"position":{"x":1.0,"y":4.920229,"z":-1.0},"color":{"r":1.0,"g":0.0,"b":0.0,"a":1.0},"normal":{"x":1.0,"y":0.0,"z":-0.0},"influence":{"data":[{"boneId":"Bone.002","weight":0.8134117},{"boneId":"Bone.001","weight":0.124301925},{"boneId":"Bone.003","weight":0.062286336}]}},{"position":{"x":1.0,"y":2.92026,"z":-1.0},"color":{"r":1.0,"g":0.0,"b":0.0,"a":1.0},"normal":{"x":1.0,"y":0.0,"z":-0.0},"influence":{"data":[{"boneId":"Bone.001","weight":0.8284096},{"boneId":"Bone","weight":0.11128608},{"boneId":"Bone.002","weight":0.060304333}]}},{"position":{"x":1.0,"y":2.92026,"z":-3.2503045},"color":{"r":1.0,"g":0.0,"b":0.0,"a":1.0},"normal":{"x":1.0,"y":0.0,"z":-0.0},"influence":{"data":[{"boneId":"Bone.001","weight":1.0}]}},{"position":{"x":1.0,"y":4.920229,"z":-3.2503045},"color":{"r":1.0,"g":0.0,"b":0.0,"a":1.0},"normal":{"x":1.0,"y":0.0,"z":-0.0},"influence":{"data":[{"boneId":"Bone.001","weight":0.8883629},{"boneId":"Bone.002","weight":0.11163709}]}},{"position":{"x":1.0,"y":4.920229,"z":1.0},"color":{"r":1.0,"g":0.0,"b":0.0,"a":1.0},"normal":{"x":1.0,"y":0.0,"z":-0.0},"influence":{"data":[{"boneId":"Bone.002","weight":0.9153074},{"boneId":"Bone","weight":0.08469262}]}},{"position":{"x":1.0,"y":2.92026,"z":1.0},"color":{"r":1.0,"g":0.0,"b":0.0,"a":1.0},"normal":{"x":1.0,"y":0.0,"z":-0.0},"influence":{"data":[{"boneId":"Bone","weight":0.8297463},{"boneId":"Bone.002","weight":0.09023402},{"boneId":"Bone.001","weight":0.08001969}]}},{"position":{"x":1.0,"y":4.920229,"z":-3.2503045},"color":{"r":1.0,"g":0.0,"b":0.0,"a":1.0},"normal":{"x":0.0,"y":0.0,"z":-1.0},"influence":{"data":[{"boneId":"Bone.001","weight":0.8883629},{"boneId":"Bone.002","weight":0.11163709}]}},{"position":{"x":1.0,"y":2.92026,"z":-3.2503045},"color":{"r":1.0,"g":0.0,"b":0.0,"a":1.0},"normal":{"x":0.0,"y":0.0,"z":-1.0},"influence":{"data":[{"boneId":"Bone.001","weight":1.0}]}},{"position":{"x":-1.0,"y":2.92026,"z":-3.2503045},"color":{"r":1.0,"g":0.0,"b":0.0,"a":1.0},"normal":{"x":0.0,"y":0.0,"z":-1.0},"influence":{"data":[{"boneId":"Bone.001","weight":1.0}]}},{"position":{"x":-1.0,"y":4.920229,"z":-3.2503045},"color":{"r":1.0,"g":0.0,"b":0.0,"a":1.0},"normal":{"x":0.0,"y":0.0,"z":-1.0},"influence":{"data":[{"boneId":"Bone.001","weight":0.8735899},{"boneId":"Bone.002","weight":0.12641014}]}},{"position":{"x":-1.0,"y":4.920229,"z":-3.2503045},"color":{"r":1.0,"g":0.0,"b":0.0,"a":1.0},"normal":{"x":-1.0,"y":0.0,"z":0.0},"influence":{"data":[{"boneId":"Bone.001","weight":0.8735899},{"boneId":"Bone.002","weight":0.12641014}]}},{"position":{"x":-1.0,"y":2.92026,"z":-3.2503045},"color":{"r":1.0,"g":0.0,"b":0.0,"a":1.0},"normal":{"x":-1.0,"y":0.0,"z":0.0},"influence":{"data":[{"boneId":"Bone.001","weight":1.0}]}},{"position":{"x":1.0,"y":4.920229,"z":-1.0},"color":{"r":1.0,"g":0.0,"b":0.0,"a":1.0},"normal":{"x":0.0,"y":1.0,"z":-0.0},"influence":{"data":[{"boneId":"Bone.002","weight":0.8134117},{"boneId":"Bone.001","weight":0.124301925},{"boneId":"Bone.003","weight":0.062286336}]}},{"position":{"x":1.0,"y":4.920229,"z":-3.2503045},"color":{"r":1.0,"g":0.0,"b":0.0,"a":1.0},"normal":{"x":0.0,"y":1.0,"z":-0.0},"influence":{"data":[{"boneId":"Bone.001","weight":0.8883629},{"boneId":"Bone.002","weight":0.11163709}]}},{"position":{"x":-1.0,"y":4.920229,"z":-3.2503045},"color":{"r":1.0,"g":0.0,"b":0.0,"a":1.0},"normal":{"x":0.0,"y":1.0,"z":-0.0},"influence":{"data":[{"boneId":"Bone.001","weight":0.8735899},{"boneId":"Bone.002","weight":0.12641014}]}},{"position":{"x":-1.0,"y":4.920229,"z":-1.0},"color":{"r":1.0,"g":0.0,"b":0.0,"a":1.0},"normal":{"x":0.0,"y":1.0,"z":-0.0},"influence":{"data":[{"boneId":"Bone.002","weight":0.86334896},{"boneId":"Bone.001","weight":0.13665104}]}},{"position":{"x":-1.0,"y":2.92026,"z":-1.0},"color":{"r":1.0,"g":0.0,"b":0.0,"a":1.0},"normal":{"x":0.0,"y":-1.0,"z":-0.0},"influence":{"data":[{"boneId":"Bone.001","weight":0.810952},{"boneId":"Bone","weight":0.12136326},{"boneId":"Bone.002","weight":0.06768471}]}},{"position":{"x":-1.0,"y":2.92026,"z":-3.2503045},"color":{"r":1.0,"g":0.0,"b":0.0,"a":1.0},"normal":{"x":0.0,"y":-1.0,"z":-0.0},"influence":{"data":[{"boneId":"Bone.001","weight":1.0}]}},{"position":{"x":1.0,"y":2.92026,"z":-3.2503045},"color":{"r":1.0,"g":0.0,"b":0.0,"a":1.0},"normal":{"x":0.0,"y":-1.0,"z":-0.0},"influence":{"data":[{"boneId":"Bone.001","weight":1.0}]}},{"position":{"x":1.0,"y":2.92026,"z":-1.0},"color":{"r":1.0,"g":0.0,"b":0.0,"a":1.0},"normal":{"x":0.0,"y":-1.0,"z":-0.0},"influence":{"data":[{"boneId":"Bone.001","weight":0.8284096},{"boneId":"Bone","weight":0.11128608},{"boneId":"Bone.002","weight":0.060304333}]}},{"position":{"x":-1.0,"y":8.672996,"z":-1.0},"color":{"r":1.0,"g":0.0,"b":0.0,"a":1.0},"normal":{"x":-1.0,"y":0.0,"z":-0.0},"influence":{"data":[{"boneId":"Bone.003","weight":0.8835304},{"boneId":"Bone.002","weight":0.11646963}]}},{"position":{"x":-1.0,"y":6.8054605,"z":-1.0},"color":{"r":1.0,"g":0.0,"b":0.0,"a":1.0},"normal":{"x":-1.0,"y":0.0,"z":-0.0},"influence":{"data":[{"boneId":"Bone.002","weight":0.81302017},{"boneId":"Bone.003","weight":0.18697982}]}},{"position":{"x":-1.0,"y":6.8054605,"z":1.0},"color":{"r":1.0,"g":0.0,"b":0.0,"a":1.0},"normal":{"x":-1.0,"y":0.0,"z":-0.0},"influence":{"data":[{"boneId":"Bone.002","weight":0.9250454},{"boneId":"Bone.003","weight":0.07495462}]}},{"position":{"x":-1.0,"y":8.672996,"z":1.0},"color":{"r":1.0,"g":0.0,"b":0.0,"a":1.0},"normal":{"x":-1.0,"y":0.0,"z":-0.0},"influence":{"data":[{"boneId":"Bone.002","weight":0.50749123},{"boneId":"Bone.003","weight":0.49250877}]}},{"position":{"x":1.0,"y":6.8054605,"z":-1.0},"color":{"r":1.0,"g":0.0,"b":0.0,"a":1.0},"normal":{"x":0.0,"y":0.0,"z":-1.0},"influence":{"data":[{"boneId":"Bone.003","weight":0.823701},{"boneId":"Bone.002","weight":0.17629898}]}},{"position":{"x":1.0,"y":4.920229,"z":-1.0},"color":{"r":1.0,"g":0.0,"b":0.0,"a":1.0},"normal":{"x":0.0,"y":0.0,"z":-1.0},"influence":{"data":[{"boneId":"Bone.002","weight":0.8134117},{"boneId":"Bone.001","weight":0.124301925},{"boneId":"Bone.003","weight":0.062286336}]}},{"position":{"x":-1.0,"y":4.920229,"z":-1.0},"color":{"r":1.0,"g":0.0,"b":0.0,"a":1.0},"normal":{"x":0.0,"y":0.0,"z":-1.0},"influence":{"data":[{"boneId":"Bone.002","weight":0.86334896},{"boneId":"Bone.001","weight":0.13665104}]}},{"position":{"x":-1.0,"y":6.8054605,"z":-1.0},"color":{"r":1.0,"g":0.0,"b":0.0,"a":1.0},"normal":{"x":0.0,"y":0.0,"z":-1.0},"influence":{"data":[{"boneId":"Bone.002","weight":0.81302017},{"boneId":"Bone.003","weight":0.18697982}]}},{"position":{"x":1.0,"y":6.8054605,"z":1.0},"color":{"r":1.0,"g":0.0,"b":0.0,"a":1.0},"normal":{"x":1.0,"y":0.0,"z":-0.0},"influence":{"data":[{"boneId":"Bone.002","weight":0.87419146},{"boneId":"Bone.003","weight":0.1258085}]}},{"position":{"x":1.0,"y":6.8054605,"z":-1.0},"color":{"r":1.0,"g":0.0,"b":0.0,"a":1.0},"normal":{"x":1.0,"y":0.0,"z":-0.0},"influence":{"data":[{"boneId":"Bone.003","weight":0.823701},{"boneId":"Bone.002","weight":0.17629898}]}},{"position":{"x":1.0,"y":8.672996,"z":1.0},"color":{"r":1.0,"g":0.0,"b":0.0,"a":1.0},"normal":{"x":0.0,"y":1.0,"z":-0.0},"influence":{"data":[{"boneId":"Bone.003","weight":0.5018829},{"boneId":"Bone.002","weight":0.4981171}]}},{"position":{"x":1.0,"y":8.672996,"z":-1.0},"color":{"r":1.0,"g":0.0,"b":0.0,"a":1.0},"normal":{"x":0.0,"y":1.0,"z":-0.0},"influence":{"data":[{"boneId":"Bone.003","weight":0.9378972},{"boneId":"Bone.002","weight":0.062102806}]}},{"position":{"x":-1.0,"y":8.672996,"z":-1.0},"color":{"r":1.0,"g":0.0,"b":0.0,"a":1.0},"normal":{"x":0.0,"y":1.0,"z":-0.0},"influence":{"data":[{"boneId":"Bone.003","weight":0.8835304},{"boneId":"Bone.002","weight":0.11646963}]}},{"position":{"x":-1.0,"y":8.672996,"z":1.0},"color":{"r":1.0,"g":0.0,"b":0.0,"a":1.0},"normal":{"x":0.0,"y":1.0,"z":-0.0},"influence":{"data":[{"boneId":"Bone.002","weight":0.50749123},{"boneId":"Bone.003","weight":0.49250877}]}},{"position":{"x":-1.0,"y":8.672996,"z":1.0},"color":{"r":1.0,"g":0.0,"b":0.0,"a":1.0},"normal":{"x":0.0,"y":-0.0,"z":1.0},"influence":{"data":[{"boneId":"Bone.002","weight":0.50749123},{"boneId":"Bone.003","weight":0.49250877}]}},{"position":{"x":1.0,"y":8.672996,"z":1.0},"color":{"r":1.0,"g":0.0,"b":0.0,"a":1.0},"normal":{"x":0.0,"y":-0.0,"z":1.0},"influence":{"data":[{"boneId":"Bone.003","weight":0.5018829},{"boneId":"Bone.002","weight":0.4981171}]}},{"position":{"x":1.0,"y":8.672996,"z":-1.0},"color":{"r":1.0,"g":0.0,"b":0.0,"a":1.0},"normal":{"x":1.0,"y":0.0,"z":-0.0},"influence":{"data":[{"boneId":"Bone.003","weight":0.9378972},{"boneId":"Bone.002","weight":0.062102806}]}},{"position":{"x":1.0,"y":6.8054605,"z":-3.336858},"color":{"r":1.0,"g":0.0,"b":0.0,"a":1.0},"normal":{"x":1.0,"y":0.0,"z":-0.0},"influence":{"data":[{"boneId":"Bone.003","weight":0.98744553},{"boneId":"Bone.002","weight":0.01255448}]}},{"position":{"x":1.0,"y":8.672996,"z":-3.336858},"color":{"r":1.0,"g":0.0,"b":0.0,"a":1.0},"normal":{"x":1.0,"y":0.0,"z":-0.0},"influence":{"data":[{"boneId":"Bone.003","weight":1.0}]}},{"position":{"x":1.0,"y":8.672996,"z":1.0},"color":{"r":1.0,"g":0.0,"b":0.0,"a":1.0},"normal":{"x":1.0,"y":0.0,"z":-0.0},"influence":{"data":[{"boneId":"Bone.003","weight":0.5018829},{"boneId":"Bone.002","weight":0.4981171}]}},{"position":{"x":1.0,"y":8.672996,"z":-3.336858},"color":{"r":1.0,"g":0.0,"b":0.0,"a":1.0},"normal":{"x":0.0,"y":0.0,"z":-1.0},"influence":{"data":[{"boneId":"Bone.003","weight":1.0}]}},{"position":{"x":1.0,"y":6.8054605,"z":-3.336858},"color":{"r":1.0,"g":0.0,"b":0.0,"a":1.0},"normal":{"x":0.0,"y":0.0,"z":-1.0},"influence":{"data":[{"boneId":"Bone.003","weight":0.98744553},{"boneId":"Bone.002","weight":0.01255448}]}},{"position":{"x":-1.0,"y":6.8054605,"z":-3.336858},"color":{"r":1.0,"g":0.0,"b":0.0,"a":1.0},"normal":{"x":0.0,"y":0.0,"z":-1.0},"influence":{"data":[{"boneId":"Bone.003","weight":0.91658425},{"boneId":"Bone.002","weight":0.08341574}]}},{"position":{"x":-1.0,"y":8.672996,"z":-3.336858},"color":{"r":1.0,"g":0.0,"b":0.0,"a":1.0},"normal":{"x":0.0,"y":0.0,"z":-1.0},"influence":{"data":[{"boneId":"Bone.003","weight":1.0}]}},{"position":{"x":-1.0,"y":8.672996,"z":-3.336858},"color":{"r":1.0,"g":0.0,"b":0.0,"a":1.0},"normal":{"x":-1.0,"y":0.0,"z":0.0},"influence":{"data":[{"boneId":"Bone.003","weight":1.0}]}},{"position":{"x":-1.0,"y":6.8054605,"z":-3.336858},"color":{"r":1.0,"g":0.0,"b":0.0,"a":1.0},"normal":{"x":-1.0,"y":0.0,"z":0.0},"influence":{"data":[{"boneId":"Bone.003","weight":0.91658425},{"boneId":"Bone.002","weight":0.08341574}]}},{"position":{"x":1.0,"y":8.672996,"z":-1.0},"color":{"r":1.0,"g":0.0,"b":0.0,"a":1.0},"normal":{"x":0.0,"y":1.0,"z":-0.0},"influence":{"data":[{"boneId":"Bone.003","weight":0.9378972},{"boneId":"Bone.002","weight":0.062102806}]}},{"position":{"x":1.0,"y":8.672996,"z":-3.336858},"color":{"r":1.0,"g":0.0,"b":0.0,"a":1.0},"normal":{"x":0.0,"y":1.0,"z":-0.0},"influence":{"data":[{"boneId":"Bone.003","weight":1.0}]}},{"position":{"x":-1.0,"y":8.672996,"z":-3.336858},"color":{"r":1.0,"g":0.0,"b":0.0,"a":1.0},"normal":{"x":0.0,"y":1.0,"z":-0.0},"influence":{"data":[{"boneId":"Bone.003","weight":1.0}]}},{"position":{"x":-1.0,"y":8.672996,"z":-1.0},"color":{"r":1.0,"g":0.0,"b":0.0,"a":1.0},"normal":{"x":0.0,"y":1.0,"z":-0.0},"influence":{"data":[{"boneId":"Bone.003","weight":0.8835304},{"boneId":"Bone.002","weight":0.11646963}]}},{"position":{"x":-1.0,"y":6.8054605,"z":-1.0},"color":{"r":1.0,"g":0.0,"b":0.0,"a":1.0},"normal":{"x":0.0,"y":-1.0,"z":-0.0},"influence":{"data":[{"boneId":"Bone.002","weight":0.81302017},{"boneId":"Bone.003","weight":0.18697982}]}},{"position":{"x":-1.0,"y":6.8054605,"z":-3.336858},"color":{"r":1.0,"g":0.0,"b":0.0,"a":1.0},"normal":{"x":0.0,"y":-1.0,"z":-0.0},"influence":{"data":[{"boneId":"Bone.003","weight":0.91658425},{"boneId":"Bone.002","weight":0.08341574}]}},{"position":{"x":1.0,"y":6.8054605,"z":-3.336858},"color":{"r":1.0,"g":0.0,"b":0.0,"a":1.0},"normal":{"x":0.0,"y":-1.0,"z":-0.0},"influence":{"data":[{"boneId":"Bone.003","weight":0.98744553},{"boneId":"Bone.002","weight":0.01255448}]}},{"position":{"x":1.0,"y":6.8054605,"z":-1.0},"color":{"r":1.0,"g":0.0,"b":0.0,"a":1.0},"normal":{"x":0.0,"y":-1.0,"z":-0.0},"influence":{"data":[{"boneId":"Bone.003","weight":0.823701},{"boneId":"Bone.002","weight":0.17629898}]}}],"verticesOrder":[0,1,2,0,2,3,4,5,6,4,6,7,8,9,10,8,10,11,12,13,14,12,14,15,16,17,18,16,18,19,20,21,22,20,22,23,24,25,26,24,26,27,28,29,30,28,30,31,32,33,34,32,34,35,36,37,38,36,38,39,40,41,42,40,42,43,41,44,45,41,45,42,46,47,48,46,48,49,50,51,47,50,47,46,52,53,54,52,54,55,56,57,25,56,25,24,58,59,60,58,60,61,62,63,64,62,64,65,66,67,68,66,68,69,70,71,72,70,72,73,74,50,46,74,46,75,67,24,27,67,27,68,76,77,78,76,78,79,80,40,43,80,43,81,82,75,83,82,83,84,85,74,75,85,75,82,86,87,88,86,88,89,90,91,67,90,67,66,92,93,94,92,94,95,96,97,98,96,98,99]},"armature":{"type":"collada.Armature","rootBone":{"id":"Bone","childs":[{"id":"Bone.001","childs":[],"transformation":{"matrix":[1.0,1.7259063E-16,-1.7104465E-16,2.3988238E-23,-1.7305059E-16,0.011690259,-0.99993175,4.5147777,-1.7057925E-16,0.99993175,0.011690259,-1.8626451E-9,0.0,0.0,0.0,1.0]},"weights":[],"inverseBindPose":{"matrix":[1.0,0.0,0.0,0.0,0.0,1.0,0.0,0.0,0.0,0.0,1.0,0.0,0.0,0.0,0.0,1.0]}},{"id":"Bone.002","childs":[{"id":"Bone.003","childs":[],"transformation":{"matrix":[1.0,2.2378563E-16,-2.1708142E-16,1.6543612E-23,-2.2029673E-16,0.014469266,-0.99989545,4.0369577,-2.2062117E-16,0.99989545,0.014469266,-2.3833113E-10,0.0,0.0,0.0,1.0]},"weights":[],"inverseBindPose":{"matrix":[1.0,0.0,0.0,0.0,0.0,1.0,0.0,0.0,0.0,0.0,1.0,0.0,0.0,0.0,0.0,1.0]}}],"transformation":{"matrix":[1.0,-5.1517536E-17,4.8654747E-17,2.3988238E-23,5.1002858E-17,0.9999447,0.010519591,4.5147777,-4.9193996E-17,-0.010519591,0.9999447,-1.8626451E-9,0.0,0.0,0.0,1.0]},"weights":[],"inverseBindPose":{"matrix":[1.0,0.0,0.0,0.0,0.0,1.0,0.0,0.0,0.0,0.0,1.0,0.0,0.0,0.0,0.0,1.0]}}],"transformation":{"matrix":[1.0,-1.7104173E-16,1.728506E-16,2.1091388E-17,1.7285057E-16,0.9999447,-0.010519578,0.09498724,-1.7104176E-16,0.010519578,0.9999447,-0.02374681,0.0,0.0,0.0,1.0]},"weights":[],"inverseBindPose":{"matrix":[1.0,0.0,0.0,0.0,0.0,1.0,0.0,0.0,0.0,0.0,1.0,0.0,0.0,0.0,0.0,1.0]}}},"animations":{"type":"collada.Animations","animations":[{"name":"ArmatureAction","keyFrames":[{"time":0.041666668,"transformations":{"Bone":{"matrix":[1.0,-1.7104173E-16,1.7285057E-16,2.1091385E-17,1.7285057E-16,0.9999447,-0.010519578,0.0949873,-1.7104173E-16,0.010519578,0.9999447,-0.023746813,0.0,0.0,0.0,1.0]},"Bone.001":{"matrix":[1.0,1.7259063E-16,-1.7104465E-16,2.3988238E-23,-1.7305059E-16,0.011690259,-0.99993175,4.5147777,-1.7057925E-16,0.99993175,0.011690259,-1.8626451E-9,0.0,0.0,0.0,1.0]},"Bone.002":{"matrix":[1.0,-5.1517536E-17,4.8654747E-17,2.3988238E-23,5.1002858E-17,0.9999447,0.010519591,4.5147777,-4.9193996E-17,-0.010519591,0.9999447,-1.8626451E-9,0.0,0.0,0.0,1.0]},"Bone.003":{"matrix":[1.0,2.2378563E-16,-2.1708142E-16,-1.9521462E-22,-2.2029673E-16,0.014469266,-0.99989545,4.0369577,-2.2062117E-16,0.99989545,0.014469266,-2.3833113E-10,0.0,0.0,0.0,1.0]}},"interpolation":"LINEAR"},{"time":0.083333336,"transformations":{"Bone":{"matrix":[1.0,-1.7104173E-16,1.7285057E-16,2.6364178E-17,1.7285057E-16,0.9999447,-0.010519578,0.11873402,-1.7104173E-16,0.010519578,0.9999447,-1.0211127,0.0,0.0,0.0,1.0]},"Bone.001":{"matrix":[1.0,1.725905E-16,-1.7104597E-16,2.3988238E-23,-1.7471451E-16,0.021484494,-0.9997693,4.5147777,-1.6887582E-16,0.9997693,0.021484494,-1.8626451E-9,0.0,0.0,0.0,1.0]},"Bone.002":{"matrix":[1.0,-5.1517536E-17,4.8654747E-17,2.3988238E-23,5.1002858E-17,0.9999447,0.010519591,4.5147777,-4.9193996E-17,-0.010519591,0.9999447,-1.8626451E-9,0.0,0.0,0.0,1.0]},"Bone.003":{"matrix":[1.0,2.237863E-16,-2.1708901E-16,1.6543612E-23,-2.1843823E-16,0.0060467124,-0.9999818,4.0369577,-2.224695E-16,0.9999818,0.0060467124,-2.3833113E-10,0.0,0.0,0.0,1.0]}},"interpolation":"LINEAR"},{"time":0.125,"transformations":{"Bone":{"matrix":[1.0,-1.7104173E-16,1.7285057E-16,1.1101305E-16,1.7285057E-16,0.9999447,-0.010519578,0.61858886,-1.7104173E-16,0.010519578,0.9999447,-1.0162115,0.0,0.0,0.0,1.0]},"Bone.001":{"matrix":[1.0,1.7259026E-16,-1.7104942E-16,2.3988238E-23,-1.791983E-16,0.048375547,-0.99882925,4.5147777,-1.6411357E-16,0.99882925,0.048375547,-1.8626451E-9,0.0,0.0,0.0,1.0]},"Bone.002":{"matrix":[1.0,-5.1517536E-17,4.8654747E-17,2.3988238E-23,5.1002858E-17,0.9999447,0.010519591,4.5147777,-4.9193996E-17,-0.010519591,0.9999447,-1.8626451E-9,0.0,0.0,0.0,1.0]},"Bone.003":{"matrix":[1.0,2.2378767E-16,-2.1710979E-16,2.2830185E-22,-2.1325608E-16,-0.017078876,-0.99985415,4.0369577,-2.2746302E-16,0.99985415,-0.017078876,-2.3833113E-10,0.0,0.0,0.0,1.0]}},"interpolation":"LINEAR"},{"time":0.16666667,"transformations":{"Bone":{"matrix":[1.0,-1.7104173E-16,1.7285057E-16,2.3725623E-16,1.7285057E-16,0.9999447,-0.010519578,1.0685235,-1.7104173E-16,0.010519578,0.9999447,-0.9498273,0.0,0.0,0.0,1.0]},"Bone.001":{"matrix":[1.0,1.7259007E-16,-1.7105473E-16,2.3988238E-23,-1.856731E-16,0.08859742,-0.9960676,4.5147777,-1.5675634E-16,0.9960676,0.08859742,-1.8626451E-9,0.0,0.0,0.0,1.0]},"Bone.002":{"matrix":[1.0,-5.1517536E-17,4.8654747E-17,2.3988238E-23,5.1002858E-17,0.9999447,0.010519591,4.5147777,-4.9193996E-17,-0.010519591,0.9999447,-1.8626451E-9,0.0,0.0,0.0,1.0]},"Bone.003":{"matrix":[1.0,2.2378883E-16,-2.17141E-16,2.2356222E-22,-2.0528455E-16,-0.051683664,-0.9986635,4.036957,-2.3471238E-16,0.9986635,-0.051683664,-2.1583716E-8,0.0,0.0,0.0,1.0]}},"interpolation":"LINEAR"},{"time":0.20833333,"transformations":{"Bone":{"matrix":[1.0,-1.7104173E-16,1.7285057E-16,2.0245615E-16,1.7285057E-16,0.9999447,-0.010519578,1.0718964,-1.7104173E-16,0.010519578,0.9999447,-0.7451591,0.0,0.0,0.0,1.0]},"Bone.001":{"matrix":[1.0,1.7259011E-16,-1.7106123E-16,2.3988238E-23,-1.9328094E-16,0.13826172,-0.99039567,4.5147777,-1.472813E-16,0.99039567,0.13826172,-1.8626451E-9,0.0,0.0,0.0,1.0]},"Bone.002":{"matrix":[1.0,-5.1517536E-17,4.8654747E-17,2.3988238E-23,5.1002858E-17,0.9999447,0.010519591,4.5147777,-4.9193996E-17,-0.010519591,0.9999447,-1.8626451E-9,0.0,0.0,0.0,1.0]},"Bone.003":{"matrix":[1.0,2.2378886E-16,-2.171797E-16,4.3532046E-22,-1.9506803E-16,-0.09446621,-0.99552816,4.036957,-2.433042E-16,0.99552816,-0.09446621,-2.1583716E-8,0.0,0.0,0.0,1.0]}},"interpolation":"LINEAR"},{"time":0.25,"transformations":{"Bone":{"matrix":[1.0,-1.7104173E-16,1.7285057E-16,1.5239036E-16,1.7285057E-16,0.9999447,-0.010519578,1.0756086,-1.7104173E-16,0.010519578,0.9999447,-0.45183808,0.0,0.0,0.0,1.0]},"Bone.001":{"matrix":[1.0,1.7259055E-16,-1.7106852E-16,2.3988238E-23,-2.0120763E-16,0.19332713,-0.98113436,4.5147777,-1.3626232E-16,0.98113436,0.19332713,-1.8626451E-9,0.0,0.0,0.0,1.0]},"Bone.002":{"matrix":[1.0,-5.1517536E-17,4.8654747E-17,2.3988238E-23,5.1002858E-17,0.9999447,0.010519591,4.5147777,-4.9193996E-17,-0.010519591,0.9999447,-1.8626451E-9,0.0,0.0,0.0,1.0]},"Bone.003":{"matrix":[1.0,2.2378687E-16,-2.1722284E-16,2.2356222E-22,-1.8323845E-16,-0.14202154,-0.98986363,4.036957,-2.5236878E-16,0.98986363,-0.14202154,-2.1583716E-8,0.0,0.0,0.0,1.0]}},"interpolation":"LINEAR"},{"time":0.29166666,"transformations":{"Bone":{"matrix":[1.0,-1.7104173E-16,1.7285057E-16,1.0682679E-16,1.7285057E-16,0.9999447,-0.010519578,1.0786444,-1.7104173E-16,0.010519578,0.9999447,-0.18523316,0.0,0.0,0.0,1.0]},"Bone.001":{"matrix":[1.0,1.7259143E-16,-1.7107604E-16,2.3988238E-23,-2.0875161E-16,0.24968922,-0.9683261,4.5147777,-1.2440892E-16,0.9683261,0.24968922,-1.8626451E-9,0.0,0.0,0.0,1.0]},"Bone.002":{"matrix":[1.0,-5.1517536E-17,4.8654747E-17,2.3988238E-23,5.1002858E-17,0.9999447,0.010519591,4.5147777,-4.9193996E-17,-0.010519591,0.9999447,-1.8626451E-9,0.0,0.0,0.0,1.0]},"Bone.003":{"matrix":[1.0,2.2378264E-16,-2.1726735E-16,9.927825E-24,-1.7055371E-16,-0.1908921,-0.981611,4.0369577,-2.6114214E-16,0.9816111,-0.19089209,-3.003319E-8,0.0,0.0,0.0,1.0]}},"interpolation":"LINEAR"},{"time":0.33333334,"transformations":{"Bone":{"matrix":[1.0,-1.7104173E-16,1.7285057E-16,2.098837E-16,1.7285057E-16,0.9999447,-0.010519578,1.0799873,-1.7104173E-16,0.010519578,0.9999447,-0.060712803,0.0,0.0,0.0,1.0]},"Bone.001":{"matrix":[1.0,1.725927E-16,-1.7108321E-16,2.3988238E-23,-2.1537753E-16,0.30334914,-0.95287955,4.5147777,-1.1256208E-16,0.95287955,0.30334914,-1.8626451E-9,0.0,0.0,0.0,1.0]},"Bone.002":{"matrix":[1.0,-5.1517536E-17,4.8654747E-17,2.3988238E-23,5.1002858E-17,0.9999447,0.010519591,4.5147777,-4.9193996E-17,-0.010519591,0.9999447,-1.8626451E-9,0.0,0.0,0.0,1.0]},"Bone.003":{"matrix":[1.0,2.237765E-16,-2.1731013E-16,1.1803997E-23,-1.5789823E-16,-0.23767054,-0.9713459,4.036957,-2.6901256E-16,0.9713459,-0.23767054,-2.1583716E-8,0.0,0.0,0.0,1.0]}},"interpolation":"LINEAR"},{"time":0.375,"transformations":{"Bone":{"matrix":[1.0,-1.7104173E-16,1.7285057E-16,1.8911503E-16,1.7285057E-16,0.9999447,-0.010519578,0.97126615,-1.7104173E-16,0.010519578,0.9999447,-0.04814243,0.0,0.0,0.0,1.0]},"Bone.001":{"matrix":[1.0,1.725942E-16,-1.7108962E-16,2.3988238E-23,-2.2073987E-16,0.3505867,-0.9365305,4.5147777,-1.016579E-16,0.9365305,0.3505867,-1.8626451E-9,0.0,0.0,0.0,1.0]},"Bone.002":{"matrix":[1.0,-5.1517536E-17,4.8654747E-17,2.3988238E-23,5.1002858E-17,0.9999447,0.010519591,4.5147777,-4.9193996E-17,-0.010519591,0.9999447,-1.8626451E-9,0.0,0.0,0.0,1.0]},"Bone.003":{"matrix":[1.0,2.2376922E-16,-2.1734816E-16,-1.9521462E-22,-1.4625425E-16,-0.27911055,-0.96025926,4.0369577,-2.755405E-16,0.96025926,-0.27911055,-2.3833113E-10,0.0,0.0,0.0,1.0]}},"interpolation":"LINEAR"},{"time":0.41666666,"transformations":{"Bone":{"matrix":[1.0,-1.7104173E-16,1.7285057E-16,1.4325347E-16,1.7285057E-16,0.9999447,-0.010519578,0.71178186,-1.7104173E-16,0.010519578,0.9999447,-0.039586224,0.0,0.0,0.0,1.0]},"Bone.001":{"matrix":[1.0,1.7259556E-16,-1.7109466E-16,2.3988238E-23,-2.246633E-16,0.38805217,-0.9216375,4.5147777,-9.267688E-17,0.9216375,0.38805217,-1.8626451E-9,0.0,0.0,0.0,1.0]},"Bone.002":{"matrix":[1.0,-5.1517536E-17,4.8654747E-17,2.3988238E-23,5.1002858E-17,0.9999447,0.010519591,4.5147777,-4.9193996E-17,-0.010519591,0.9999447,-1.8626451E-9,0.0,0.0,0.0,1.0]},"Bone.003":{"matrix":[1.0,2.2376215E-16,-2.1737859E-16,2.2830185E-22,-1.3665848E-16,-0.31218708,-0.9500206,4.0369577,-2.8044147E-16,0.9500206,-0.31218708,-2.3833113E-10,0.0,0.0,0.0,1.0]}},"interpolation":"LINEAR"},{"time":0.45833334,"transformations":{"Bone":{"matrix":[1.0,-1.7104173E-16,1.7285057E-16,8.925733E-17,1.7285057E-16,0.9999447,-0.010519578,0.40202975,-1.7104173E-16,0.010519578,0.9999447,-0.033710543,0.0,0.0,0.0,1.0]},"Bone.001":{"matrix":[1.0,1.7259662E-16,-1.7109803E-16,2.3988238E-23,-2.2707895E-16,0.41270792,-0.9108634,4.5147777,-8.6598425E-17,0.9108634,0.41270792,-1.8626451E-9,0.0,0.0,0.0,1.0]},"Bone.002":{"matrix":[1.0,-5.1517536E-17,4.8654747E-17,2.3988238E-23,5.1002858E-17,0.9999447,0.010519591,4.5147777,-4.9193996E-17,-0.010519591,0.9999447,-1.8626451E-9,0.0,0.0,0.0,1.0]},"Bone.003":{"matrix":[1.0,2.2375688E-16,-2.1739872E-16,2.2356222E-22,-1.3015764E-16,-0.33407235,-0.94254744,4.036957,-2.8352834E-16,0.94254744,-0.33407235,-2.1583716E-8,0.0,0.0,0.0,1.0]}},"interpolation":"LINEAR"},{"time":0.5,"transformations":{"Bone":{"matrix":[1.0,-1.7104173E-16,1.7285057E-16,4.4084673E-17,1.7285057E-16,0.9999447,-0.010519578,0.14250317,-1.7104173E-16,0.010519578,0.9999447,-0.029181745,0.0,0.0,0.0,1.0]},"Bone.001":{"matrix":[1.0,8.1570014E-17,-1.9172918E-16,2.3988238E-23,-2.0824639E-16,0.42161077,-0.9067769,4.5147777,6.8692784E-18,0.9067769,0.42161077,-1.8626451E-9,0.0,0.0,0.0,1.0]},"Bone.002":{"matrix":[1.0,-5.1517536E-17,4.8654747E-17,2.3988238E-23,5.1002858E-17,0.9999447,0.010519591,4.5147777,-4.9193996E-17,-0.010519591,0.9999447,-1.8626451E-9,0.0,0.0,0.0,1.0]},"Bone.003":{"matrix":[1.0,3.043869E-16,-2.3253474E-16,1.6543612E-23,-1.1441271E-16,-0.34199965,-0.9397001,4.0369577,-3.655592E-16,0.9397001,-0.34199965,-2.3833113E-10,0.0,0.0,0.0,1.0]}},"interpolation":"LINEAR"},{"time":0.5416667,"transformations":{"Bone":{"matrix":[1.0,-1.7104173E-16,1.7285057E-16,-2.3281253E-17,1.7285057E-16,0.9999447,-0.010519578,0.0336971,-1.7104173E-16,0.010519578,0.9999447,-0.02466619,0.0,0.0,0.0,1.0]},"Bone.001":{"matrix":[1.0,8.122846E-17,-1.9094539E-16,2.3988238E-23,-2.0748108E-16,0.40529788,-0.91418475,4.5147777,3.1319573E-18,0.91418475,0.40529788,-1.8626451E-9,0.0,0.0,0.0,1.0]},"Bone.002":{"matrix":[1.0,-5.1517536E-17,4.8654747E-17,2.3988238E-23,5.1002858E-17,0.9999447,0.010519591,4.5147777,-4.9193996E-17,-0.010519591,0.9999447,-1.8626451E-9,0.0,0.0,0.0,1.0]},"Bone.003":{"matrix":[1.0,3.0459914E-16,-2.319367E-16,1.6543612E-23,-1.1922555E-16,-0.32792577,-0.9447035,4.0369577,-3.6381394E-16,0.9447035,-0.32792577,-2.3833113E-10,0.0,0.0,0.0,1.0]}},"interpolation":"LINEAR"},{"time":0.5833333,"transformations":{"Bone":{"matrix":[1.0,-1.7104173E-16,1.7285057E-16,-2.3817762E-17,1.7285057E-16,0.9999447,-0.010519578,0.037098862,-1.7104173E-16,0.010519578,0.9999447,-0.018196154,0.0,0.0,0.0,1.0]},"Bone.001":{"matrix":[1.0,8.035955E-17,-1.8875257E-16,2.3988238E-23,-2.050238E-16,0.35963142,-0.93309444,4.5147777,-7.101683E-18,0.93309444,0.35963142,-1.8626451E-9,0.0,0.0,0.0,1.0]},"Bone.002":{"matrix":[1.0,-5.1517536E-17,4.8654747E-17,2.3988238E-23,5.1002858E-17,0.9999447,0.010519591,4.5147777,-4.9193996E-17,-0.010519591,0.9999447,-1.8626451E-9,0.0,0.0,0.0,1.0]},"Bone.003":{"matrix":[1.0,3.051371E-16,-2.3027446E-16,1.2242273E-22,-1.3233797E-16,-0.28880227,-0.95738894,4.0369577,-3.586386E-16,0.95738894,-0.28880227,-2.3833113E-10,0.0,0.0,0.0,1.0]}},"interpolation":"LINEAR"},{"time":0.625,"transformations":{"Bone":{"matrix":[1.0,-1.7104173E-16,1.7285057E-16,-2.3856999E-17,1.7285057E-16,0.9999447,-0.010519578,0.044761542,-1.7104173E-16,0.010519578,0.9999447,-0.010386672,0.0,0.0,0.0,1.0]},"Bone.001":{"matrix":[1.0,7.925606E-17,-1.8536898E-16,2.3988238E-23,-2.0036625E-16,0.28909087,-0.9573017,4.5147777,-2.2283471E-17,0.9573017,0.28909087,-1.8626451E-9,0.0,0.0,0.0,1.0]},"Bone.002":{"matrix":[1.0,-5.1517536E-17,4.8654747E-17,2.3988238E-23,5.1002858E-17,0.9999447,0.010519591,4.5147777,-4.9193996E-17,-0.010519591,0.9999447,-1.8626451E-9,0.0,0.0,0.0,1.0]},"Bone.003":{"matrix":[1.0,3.0581643E-16,-2.2773563E-16,1.6543612E-23,-1.5163461E-16,-0.22904825,-0.9734152,4.0369577,-3.4984877E-16,0.9734152,-0.22904825,-2.3833113E-10,0.0,0.0,0.0,1.0]}},"interpolation":"LINEAR"},{"time":0.6666667,"transformations":{"Bone":{"matrix":[1.0,-1.7104173E-16,1.7285057E-16,-2.3585376E-17,1.7285057E-16,0.9999447,-0.010519578,0.05302803,-1.7104173E-16,0.010519578,0.9999447,-0.003778221,0.0,0.0,0.0,1.0]},"Bone.001":{"matrix":[1.0,7.8236774E-17,-1.8104247E-16,2.3988238E-23,-1.9298092E-16,0.19876605,-0.980047,4.5147777,-4.069061E-17,0.980047,0.19876605,-1.8626451E-9,0.0,0.0,0.0,1.0]},"Bone.002":{"matrix":[1.0,-5.1517536E-17,4.8654747E-17,2.3988238E-23,5.1002858E-17,0.9999447,0.010519591,4.5147777,-4.9193996E-17,-0.010519591,0.9999447,-1.8626451E-9,0.0,0.0,0.0,1.0]},"Bone.003":{"matrix":[1.0,3.064409E-16,-2.2452408E-16,1.3235718E-23,-1.7483956E-16,-0.15345609,-0.98815566,4.0369577,-3.372658E-16,0.98815566,-0.15345609,-1.5135761E-8,0.0,0.0,0.0,1.0]}},"interpolation":"LINEAR"},{"time":0.7083333,"transformations":{"Bone":{"matrix":[1.0,-1.7104173E-16,1.7285057E-16,-1.7873507E-17,1.7285057E-16,0.9999447,-0.010519578,0.05824079,-1.7104173E-16,0.010519578,0.9999447,-9.1128703E-4,0.0,0.0,0.0,1.0]},"Bone.001":{"matrix":[1.0,7.7577484E-17,-1.7609386E-16,2.3988238E-23,-1.8268496E-16,0.09529042,-0.99544966,4.5147777,-6.04444E-17,0.99544966,0.09529042,-1.8626451E-9,0.0,0.0,0.0,1.0]},"Bone.002":{"matrix":[1.0,-5.1517536E-17,4.8654747E-17,2.3988238E-23,5.1002858E-17,0.9999447,0.010519591,4.5147777,-4.9193996E-17,-0.010519591,0.9999447,-1.8626451E-9,0.0,0.0,0.0,1.0]},"Bone.003":{"matrix":[1.0,3.0684457E-16,-2.2088057E-16,1.6543612E-23,-1.9960215E-16,-0.0676949,-0.9977062,4.0369577,-3.2109314E-16,0.9977062,-0.0676949,-2.3833113E-10,0.0,0.0,0.0,1.0]}},"interpolation":"LINEAR"},{"time":0.75,"transformations":{"Bone":{"matrix":[0.9955104,-6.4028427E-10,0.094652064,-1.7552501E-17,9.957005E-4,0.9999447,-0.01047235,0.060240295,-0.094646834,0.010519579,0.9954553,-7.897448E-4,0.0,0.0,0.0,1.0]},"Bone.001":{"matrix":[1.0000001,-6.918077E-14,-1.6519569E-11,-1.1641532E-10,-1.6519057E-11,-0.013122559,-0.99991393,4.5147777,-1.4760156E-13,0.999914,-0.013122558,1.8624391E-9,0.0,0.0,0.0,1.0]},"Bone.002":{"matrix":[1.0,-1.07207134E-16,6.5324935E-17,2.3988238E-23,1.0651401E-16,0.9999447,0.010519591,4.5147777,-6.644909E-17,-0.010519591,0.9999447,-1.8626451E-9,0.0,0.0,0.0,1.0]},"Bone.003":{"matrix":[1.0,-2.4213742E-11,3.752632E-9,-4.8748916E-10,3.752274E-9,0.02170062,-0.99976456,4.0369577,-5.7226668E-11,0.99976456,0.02170062,-1.5135761E-8,0.0,0.0,0.0,1.0]}},"interpolation":"LINEAR"},{"time":0.7916667,"transformations":{"Bone":{"matrix":[0.94700074,-1.0477379E-9,0.32123137,-1.7359442E-17,0.0033792197,0.9999447,-0.00996205,0.06144373,-0.3212136,0.010519581,0.94694835,-7.159207E-4,0.0,0.0,0.0,1.0]},"Bone.001":{"matrix":[1.0,9.351164E-10,-4.090261E-10,4.3655746E-10,-2.9630287E-10,-0.117513895,-0.99307126,4.5147777,-9.767034E-10,0.99307126,-0.117513895,1.8624391E-9,0.0,0.0,0.0,1.0]},"Bone.002":{"matrix":[0.99999994,3.13508E-10,-2.9800676E-8,-2.910383E-11,2.7755573E-16,0.9999447,0.01051959,4.5147777,2.9802322E-8,-0.010519591,0.9999446,-5.5877294E-9,0.0,0.0,0.0,1.0]},"Bone.003":{"matrix":[0.99999994,-1.636442E-10,1.530243E-8,2.4738256E-9,1.523088E-8,0.10781049,-0.9941715,4.0369577,-1.4870726E-9,0.99417144,0.1078105,-2.3833113E-10,0.0,0.0,0.0,1.0]}},"interpolation":"LINEAR"},{"time":0.8333333,"transformations":{"Bone":{"matrix":[0.82038856,-1.8626451E-9,0.57180655,-1.726088E-17,0.006015166,0.9999447,-0.008630143,0.062058363,-0.5717749,0.010519581,0.82034326,-6.7797955E-4,0.0,0.0,0.0,1.0]},"Bone.001":{"matrix":[1.0,4.1835153E-9,1.3585768E-8,9.313226E-10,1.4160605E-8,-0.20940314,-0.97782946,4.5147777,-1.2458625E-9,0.97782946,-0.20940314,1.8624391E-9,0.0,0.0,0.0,1.0]},"Bone.002":{"matrix":[1.0,6.13269E-16,1.8022537E-16,-3.3182014E-25,-6.15131E-16,0.9999447,0.010519591,4.514777,-1.7376407E-16,-0.010519591,0.9999447,-6.878777E-9,0.0,0.0,0.0,1.0]},"Bone.003":{"matrix":[1.0,1.0667747E-9,-1.3982417E-8,2.47382