{"mesh":{"vertices":[{"position":{"x":-1.0,"y":-1.0,"z":1.0},"color":{"r":1.0,"g":0.0,"b":0.0,"a":1.0},"normal":{"x":-1.0,"y":0.0,"z":0.0},"influence":{"data":[{"boneId":"Armature_Bone","weight":1.0}]}},{"position":{"x":-1.0,"y":1.0,"z":2.92026},"color":{"r":1.0,"g":0.0,"b":0.0,"a":1.0},"normal":{"x":-1.0,"y":0.0,"z":0.0},"influence":{"data":[{"boneId":"Armature_Bone","weight":0.1213632},{"boneId":"Armature_Bone_001","weight":0.810952},{"boneId":"Armature_Bone_002","weight":0.06768471}]}},{"position":{"x":-1.0,"y":1.0,"z":1.0},"color":{"r":1.0,"g":0.0,"b":0.0,"a":1.0},"normal":{"x":-1.0,"y":0.0,"z":0.0},"influence":{"data":[{"boneId":"Armature_Bone","weight":0.9172883},{"boneId":"Armature_Bone_001","weight":0.08271175}]}},{"position":{"x":1.0,"y":-1.0,"z":1.0},"color":{"r":1.0,"g":0.0,"b":0.0,"a":1.0},"normal":{"x":0.0,"y":-1.0,"z":0.0},"influence":{"data":[{"boneId":"Armature_Bone","weight":1.0}]}},{"position":{"x":-1.0,"y":-1.0,"z":-1.0},"color":{"r":1.0,"g":0.0,"b":0.0,"a":1.0},"normal":{"x":0.0,"y":-1.0,"z":0.0},"influence":{"data":[{"boneId":"Armature_Bone","weight":1.0}]}},{"position":{"x":1.0,"y":-1.0,"z":-1.0},"color":{"r":1.0,"g":0.0,"b":0.0,"a":1.0},"normal":{"x":0.0,"y":-1.0,"z":0.0},"influence":{"data":[{"boneId":"Armature_Bone","weight":1.0}]}},{"position":{"x":-1.0,"y":1.0,"z":-1.0},"color":{"r":1.0,"g":0.0,"b":0.0,"a":1.0},"normal":{"x":-1.0,"y":0.0,"z":0.0},"influence":{"data":[{"boneId":"Armature_Bone","weight":1.0}]}},{"position":{"x":-1.0,"y":-1.0,"z":-1.0},"color":{"r":1.0,"g":0.0,"b":0.0,"a":1.0},"normal":{"x":-1.0,"y":0.0,"z":0.0},"influence":{"data":[{"boneId":"Armature_Bone","weight":1.0}]}},{"position":{"x":1.0,"y":1.0,"z":-1.0},"color":{"r":1.0,"g":0.0,"b":0.0,"a":1.0},"normal":{"x":0.0,"y":0.0,"z":-1.0},"influence":{"data":[{"boneId":"Armature_Bone","weight":1.0}]}},{"position":{"x":-1.0,"y":-1.0,"z":-1.0},"color":{"r":1.0,"g":0.0,"b":0.0,"a":1.0},"normal":{"x":0.0,"y":0.0,"z":-1.0},"influence":{"data":[{"boneId":"Armature_Bone","weight":1.0}]}},{"position":{"x":-1.0,"y":1.0,"z":-1.0},"color":{"r":1.0,"g":0.0,"b":0.0,"a":1.0},"normal":{"x":0.0,"y":0.0,"z":-1.0},"influence":{"data":[{"boneId":"Armature_Bone","weight":1.0}]}},{"position":{"x":1.0,"y":1.0,"z":1.0},"color":{"r":1.0,"g":0.0,"b":0.0,"a":1.0},"normal":{"x":1.0,"y":0.0,"z":0.0},"influence":{"data":[{"boneId":"Armature_Bone","weight":0.9157466},{"boneId":"Armature_Bone_001","weight":0.08425337}]}},{"position":{"x":1.0,"y":-1.0,"z":-1.0},"color":{"r":1.0,"g":0.0,"b":0.0,"a":1.0},"normal":{"x":1.0,"y":0.0,"z":0.0},"influence":{"data":[{"boneId":"Armature_Bone","weight":1.0}]}},{"position":{"x":1.0,"y":1.0,"z":-1.0},"color":{"r":1.0,"g":0.0,"b":0.0,"a":1.0},"normal":{"x":1.0,"y":0.0,"z":0.0},"influence":{"data":[{"boneId":"Armature_Bone","weight":1.0}]}},{"position":{"x":-1.0,"y":1.0,"z":1.0},"color":{"r":1.0,"g":0.0,"b":0.0,"a":1.0},"normal":{"x":0.0,"y":1.0,"z":0.0},"influence":{"data":[{"boneId":"Armature_Bone","weight":0.9172883},{"boneId":"Armature_Bone_001","weight":0.08271175}]}},{"position":{"x":1.0,"y":1.0,"z":-1.0},"color":{"r":1.0,"g":0.0,"b":0.0,"a":1.0},"normal":{"x":0.0,"y":1.0,"z":0.0},"influence":{"data":[{"boneId":"Armature_Bone","weight":1.0}]}},{"position":{"x":-1.0,"y":1.0,"z":-1.0},"color":{"r":1.0,"g":0.0,"b":0.0,"a":1.0},"normal":{"x":0.0,"y":1.0,"z":0.0},"influence":{"data":[{"boneId":"Armature_Bone","weight":1.0}]}},{"position":{"x":-1.0,"y":-1.0,"z":2.92026},"color":{"r":1.0,"g":0.0,"b":0.0,"a":1.0},"normal":{"x":-1.0,"y":0.0,"z":0.0},"influence":{"data":[{"boneId":"Armature_Bone","weight":0.8299369},{"boneId":"Armature_Bone_001","weight":0.07876682},{"boneId":"Armature_Bone_002","weight":0.09129637}]}},{"position":{"x":-1.0,"y":1.0,"z":4.920229},"color":{"r":1.0,"g":0.0,"b":0.0,"a":1.0},"normal":{"x":-1.0,"y":0.0,"z":0.0},"influence":{"data":[{"boneId":"Armature_Bone_001","weight":0.136651},{"boneId":"Armature_Bone_002","weight":0.863349}]}},{"position":{"x":1.0,"y":-1.0,"z":2.92026},"color":{"r":1.0,"g":0.0,"b":0.0,"a":1.0},"normal":{"x":1.0,"y":0.0,"z":0.0},"influence":{"data":[{"boneId":"Armature_Bone","weight":0.8297463},{"boneId":"Armature_Bone_001","weight":0.08001965},{"boneId":"Armature_Bone_002","weight":0.09023398}]}},{"position":{"x":1.0,"y":-1.0,"z":1.0},"color":{"r":1.0,"g":0.0,"b":0.0,"a":1.0},"normal":{"x":1.0,"y":0.0,"z":0.0},"influence":{"data":[{"boneId":"Armature_Bone","weight":1.0}]}},{"position":{"x":1.0,"y":1.0,"z":2.92026},"color":{"r":1.0,"g":0.0,"b":0.0,"a":1.0},"normal":{"x":0.0,"y":1.0,"z":0.0},"influence":{"data":[{"boneId":"Armature_Bone","weight":0.1112861},{"boneId":"Armature_Bone_001","weight":0.8284096},{"boneId":"Armature_Bone_002","weight":0.06030428}]}},{"position":{"x":1.0,"y":1.0,"z":1.0},"color":{"r":1.0,"g":0.0,"b":0.0,"a":1.0},"normal":{"x":0.0,"y":1.0,"z":0.0},"influence":{"data":[{"boneId":"Armature_Bone","weight":0.9157466},{"boneId":"Armature_Bone_001","weight":0.08425337}]}},{"position":{"x":-1.0,"y":-1.0,"z":2.92026},"color":{"r":1.0,"g":0.0,"b":0.0,"a":1.0},"normal":{"x":0.0,"y":-1.0,"z":0.0},"influence":{"data":[{"boneId":"Armature_Bone","weight":0.8299369},{"boneId":"Armature_Bone_001","weight":0.07876682},{"boneId":"Armature_Bone_002","weight":0.09129637}]}},{"position":{"x":-1.0,"y":-1.0,"z":1.0},"color":{"r":1.0,"g":0.0,"b":0.0,"a":1.0},"normal":{"x":0.0,"y":-1.0,"z":0.0},"influence":{"data":[{"boneId":"Armature_Bone","weight":1.0}]}},{"position":{"x":1.0,"y":-1.0,"z":4.920229},"color":{"r":1.0,"g":0.0,"b":0.0,"a":1.0},"normal":{"x":0.0,"y":-1.0,"z":0.0},"influence":{"data":[{"boneId":"Armature_Bone","weight":0.08469259},{"boneId":"Armature_Bone_002","weight":0.9153074}]}},{"position":{"x":-1.0,"y":-1.0,"z":6.80546},"color":{"r":1.0,"g":0.0,"b":0.0,"a":1.0},"normal":{"x":0.0,"y":-1.0,"z":0.0},"influence":{"data":[{"boneId":"Armature_Bone_002","weight":0.9250454},{"boneId":"Armature_Bone_003","weight":0.07495462}]}},{"position":{"x":-1.0,"y":-1.0,"z":4.920229},"color":{"r":1.0,"g":0.0,"b":0.0,"a":1.0},"normal":{"x":0.0,"y":-1.0,"z":0.0},"influence":{"data":[{"boneId":"Armature_Bone","weight":0.08433032},{"boneId":"Armature_Bone_002","weight":0.9156696}]}},{"position":{"x":1.0,"y":-1.0,"z":2.92026},"color":{"r":1.0,"g":0.0,"b":0.0,"a":1.0},"normal":{"x":0.0,"y":-1.0,"z":0.0},"influence":{"data":[{"boneId":"Armature_Bone","weight":0.8297463},{"boneId":"Armature_Bone_001","weight":0.08001965},{"boneId":"Armature_Bone_002","weight":0.09023398}]}},{"position":{"x":1.0,"y":1.0,"z":2.92026},"color":{"r":1.0,"g":0.0,"b":0.0,"a":1.0},"normal":{"x":1.0,"y":0.0,"z":0.0},"influence":{"data":[{"boneId":"Armature_Bone","weight":0.1112861},{"boneId":"Armature_Bone_001","weight":0.8284096},{"boneId":"Armature_Bone_002","weight":0.06030428}]}},{"position":{"x":1.0,"y":3.250304,"z":4.920229},"color":{"r":1.0,"g":0.0,"b":0.0,"a":1.0},"normal":{"x":1.0,"y":0.0,"z":0.0},"influence":{"data":[{"boneId":"Armature_Bone_001","weight":0.8883629},{"boneId":"Armature_Bone_002","weight":0.1116371}]}},{"position":{"x":1.0,"y":1.0,"z":4.920229},"color":{"r":1.0,"g":0.0,"b":0.0,"a":1.0},"normal":{"x":1.0,"y":0.0,"z":0.0},"influence":{"data":[{"boneId":"Armature_Bone_001","weight":0.1243019},{"boneId":"Armature_Bone_002","weight":0.8134117},{"boneId":"Armature_Bone_003","weight":0.06228631}]}},{"position":{"x":1.0,"y":-1.0,"z":4.920229},"color":{"r":1.0,"g":0.0,"b":0.0,"a":1.0},"normal":{"x":1.0,"y":0.0,"z":0.0},"influence":{"data":[{"boneId":"Armature_Bone","weight":0.08469259},{"boneId":"Armature_Bone_002","weight":0.9153074}]}},{"position":{"x":-1.0,"y":3.250304,"z":2.92026},"color":{"r":1.0,"g":0.0,"b":0.0,"a":1.0},"normal":{"x":0.0,"y":1.0,"z":0.0},"influence":{"data":[{"boneId":"Armature_Bone_001","weight":1.0}]}},{"position":{"x":1.0,"y":3.250304,"z":4.920229},"color":{"r":1.0,"g":0.0,"b":0.0,"a":1.0},"normal":{"x":0.0,"y":1.0,"z":0.0},"influence":{"data":[{"boneId":"Armature_Bone_001","weight":0.8883629},{"boneId":"Armature_Bone_002","weight":0.1116371}]}},{"position":{"x":1.0,"y":3.250304,"z":2.92026},"color":{"r":1.0,"g":0.0,"b":0.0,"a":1.0},"normal":{"x":0.0,"y":1.0,"z":0.0},"influence":{"data":[{"boneId":"Armature_Bone_001","weight":1.0}]}},{"position":{"x":-1.0,"y":3.250304,"z":2.92026},"color":{"r":1.0,"g":0.0,"b":0.0,"a":1.0},"normal":{"x":-1.0,"y":0.0,"z":0.0},"influence":{"data":[{"boneId":"Armature_Bone_001","weight":1.0}]}},{"position":{"x":1.0,"y":1.0,"z":4.920229},"color":{"r":1.0,"g":0.0,"b":0.0,"a":1.0},"normal":{"x":0.0,"y":0.0,"z":1.0},"influence":{"data":[{"boneId":"Armature_Bone_001","weight":0.1243019},{"boneId":"Armature_Bone_002","weight":0.8134117},{"boneId":"Armature_Bone_003","weight":0.06228631}]}},{"position":{"x":-1.0,"y":3.250304,"z":4.920229},"color":{"r":1.0,"g":0.0,"b":0.0,"a":1.0},"normal":{"x":0.0,"y":0.0,"z":1.0},"influence":{"data":[{"boneId":"Armature_Bone_001","weight":0.8735899},{"boneId":"Armature_Bone_002","weight":0.1264101}]}},{"position":{"x":-1.0,"y":1.0,"z":4.920229},"color":{"r":1.0,"g":0.0,"b":0.0,"a":1.0},"normal":{"x":0.0,"y":0.0,"z":1.0},"influence":{"data":[{"boneId":"Armature_Bone_001","weight":0.136651},{"boneId":"Armature_Bone_002","weight":0.863349}]}},{"position":{"x":-1.0,"y":1.0,"z":2.92026},"color":{"r":1.0,"g":0.0,"b":0.0,"a":1.0},"normal":{"x":0.0,"y":0.0,"z":-1.0},"influence":{"data":[{"boneId":"Armature_Bone","weight":0.1213632},{"boneId":"Armature_Bone_001","weight":0.810952},{"boneId":"Armature_Bone_002","weight":0.06768471}]}},{"position":{"x":1.0,"y":3.250304,"z":2.92026},"color":{"r":1.0,"g":0.0,"b":0.0,"a":1.0},"normal":{"x":0.0,"y":0.0,"z":-1.0},"influence":{"data":[{"boneId":"Armature_Bone_001","weight":1.0}]}},{"position":{"x":1.0,"y":1.0,"z":2.92026},"color":{"r":1.0,"g":0.0,"b":0.0,"a":1.0},"normal":{"x":0.0,"y":0.0,"z":-1.0},"influence":{"data":[{"boneId":"Armature_Bone","weight":0.1112861},{"boneId":"Armature_Bone_001","weight":0.8284096},{"boneId":"Armature_Bone_002","weight":0.06030428}]}},{"position":{"x":-1.0,"y":-1.0,"z":6.80546},"color":{"r":1.0,"g":0.0,"b":0.0,"a":1.0},"normal":{"x":-1.0,"y":0.0,"z":0.0},"influence":{"data":[{"boneId":"Armature_Bone_002","weight":0.9250454},{"boneId":"Armature_Bone_003","weight":0.07495462}]}},{"position":{"x":-1.0,"y":1.0,"z":8.672996},"color":{"r":1.0,"g":0.0,"b":0.0,"a":1.0},"normal":{"x":-1.0,"y":0.0,"z":0.0},"influence":{"data":[{"boneId":"Armature_Bone_002","weight":0.1164696},{"boneId":"Armature_Bone_003","weight":0.8835304}]}},{"position":{"x":-1.0,"y":1.0,"z":6.80546},"color":{"r":1.0,"g":0.0,"b":0.0,"a":1.0},"normal":{"x":-1.0,"y":0.0,"z":0.0},"influence":{"data":[{"boneId":"Armature_Bone_002","weight":0.8130202},{"boneId":"Armature_Bone_003","weight":0.1869798}]}},{"position":{"x":-1.0,"y":1.0,"z":4.920229},"color":{"r":1.0,"g":0.0,"b":0.0,"a":1.0},"normal":{"x":0.0,"y":1.0,"z":0.0},"influence":{"data":[{"boneId":"Armature_Bone_001","weight":0.136651},{"boneId":"Armature_Bone_002","weight":0.863349}]}},{"position":{"x":1.0,"y":1.0,"z":6.80546},"color":{"r":1.0,"g":0.0,"b":0.0,"a":1.0},"normal":{"x":0.0,"y":1.0,"z":0.0},"influence":{"data":[{"boneId":"Armature_Bone_002","weight":0.1762989},{"boneId":"Armature_Bone_003","weight":0.823701}]}},{"position":{"x":1.0,"y":1.0,"z":4.920229},"color":{"r":1.0,"g":0.0,"b":0.0,"a":1.0},"normal":{"x":0.0,"y":1.0,"z":0.0},"influence":{"data":[{"boneId":"Armature_Bone_001","weight":0.1243019},{"boneId":"Armature_Bone_002","weight":0.8134117},{"boneId":"Armature_Bone_003","weight":0.06228631}]}},{"position":{"x":1.0,"y":-1.0,"z":6.80546},"color":{"r":1.0,"g":0.0,"b":0.0,"a":1.0},"normal":{"x":1.0,"y":0.0,"z":0.0},"influence":{"data":[{"boneId":"Armature_Bone_002","weight":0.8741915},{"boneId":"Armature_Bone_003","weight":0.1258085}]}},{"position":{"x":-1.0,"y":-1.0,"z":4.920229},"color":{"r":1.0,"g":0.0,"b":0.0,"a":1.0},"normal":{"x":-1.0,"y":0.0,"z":0.0},"influence":{"data":[{"boneId":"Armature_Bone","weight":0.08433032},{"boneId":"Armature_Bone_002","weight":0.9156696}]}},{"position":{"x":-1.0,"y":1.0,"z":8.672996},"color":{"r":1.0,"g":0.0,"b":0.0,"a":1.0},"normal":{"x":0.0,"y":0.0,"z":1.0},"influence":{"data":[{"boneId":"Armature_Bone_002","weight":0.1164696},{"boneId":"Armature_Bone_003","weight":0.8835304}]}},{"position":{"x":1.0,"y":-1.0,"z":8.672996},"color":{"r":1.0,"g":0.0,"b":0.0,"a":1.0},"normal":{"x":0.0,"y":0.0,"z":1.0},"influence":{"data":[{"boneId":"Armature_Bone_002","weight":0.498117},{"boneId":"Armature_Bone_003","weight":0.5018829}]}},{"position":{"x":1.0,"y":1.0,"z":8.672996},"color":{"r":1.0,"g":0.0,"b":0.0,"a":1.0},"normal":{"x":0.0,"y":0.0,"z":1.0},"influence":{"data":[{"boneId":"Armature_Bone_002","weight":0.06210279},{"boneId":"Armature_Bone_003","weight":0.9378972}]}},{"position":{"x":1.0,"y":-1.0,"z":6.80546},"color":{"r":1.0,"g":0.0,"b":0.0,"a":1.0},"normal":{"x":0.0,"y":-1.0,"z":0.0},"influence":{"data":[{"boneId":"Armature_Bone_002","weight":0.8741915},{"boneId":"Armature_Bone_003","weight":0.1258085}]}},{"position":{"x":-1.0,"y":-1.0,"z":8.672996},"color":{"r":1.0,"g":0.0,"b":0.0,"a":1.0},"normal":{"x":0.0,"y":-1.0,"z":0.0},"influence":{"data":[{"boneId":"Armature_Bone_002","weight":0.5074912},{"boneId":"Armature_Bone_003","weight":0.4925087}]}},{"position":{"x":1.0,"y":1.0,"z":6.80546},"color":{"r":1.0,"g":0.0,"b":0.0,"a":1.0},"normal":{"x":1.0,"y":0.0,"z":0.0},"influence":{"data":[{"boneId":"Armature_Bone_002","weight":0.1762989},{"boneId":"Armature_Bone_003","weight":0.823701}]}},{"position":{"x":1.0,"y":3.336858,"z":8.672996},"color":{"r":1.0,"g":0.0,"b":0.0,"a":1.0},"normal":{"x":1.0,"y":0.0,"z":0.0},"influence":{"data":[{"boneId":"Armature_Bone_003","weight":1.0}]}},{"position":{"x":1.0,"y":1.0,"z":8.672996},"color":{"r":1.0,"g":0.0,"b":0.0,"a":1.0},"normal":{"x":1.0,"y":0.0,"z":0.0},"influence":{"data":[{"boneId":"Armature_Bone_002","weight":0.06210279},{"boneId":"Armature_Bone_003","weight":0.9378972}]}},{"position":{"x":1.0,"y":-1.0,"z":8.672996},"color":{"r":1.0,"g":0.0,"b":0.0,"a":1.0},"normal":{"x":1.0,"y":0.0,"z":0.0},"influence":{"data":[{"boneId":"Armature_Bone_002","weight":0.498117},{"boneId":"Armature_Bone_003","weight":0.5018829}]}},{"position":{"x":-1.0,"y":3.336858,"z":6.80546},"color":{"r":1.0,"g":0.0,"b":0.0,"a":1.0},"normal":{"x":0.0,"y":1.0,"z":0.0},"influence":{"data":[{"boneId":"Armature_Bone_002","weight":0.08341574},{"boneId":"Armature_Bone_003","weight":0.9165843}]}},{"position":{"x":1.0,"y":3.336858,"z":8.672996},"color":{"r":1.0,"g":0.0,"b":0.0,"a":1.0},"normal":{"x":0.0,"y":1.0,"z":0.0},"influence":{"data":[{"boneId":"Armature_Bone_003","weight":1.0}]}},{"position":{"x":1.0,"y":3.336858,"z":6.80546},"color":{"r":1.0,"g":0.0,"b":0.0,"a":1.0},"normal":{"x":0.0,"y":1.0,"z":0.0},"influence":{"data":[{"boneId":"Armature_Bone_002","weight":0.01255446},{"boneId":"Armature_Bone_003","weight":0.9874455}]}},{"position":{"x":-1.0,"y":3.336858,"z":6.80546},"color":{"r":1.0,"g":0.0,"b":0.0,"a":1.0},"normal":{"x":-1.0,"y":0.0,"z":0.0},"influence":{"data":[{"boneId":"Armature_Bone_002","weight":0.08341574},{"boneId":"Armature_Bone_003","weight":0.9165843}]}},{"position":{"x":-1.0,"y":3.336858,"z":8.672996},"color":{"r":1.0,"g":0.0,"b":0.0,"a":1.0},"normal":{"x":0.0,"y":0.0,"z":1.0},"influence":{"data":[{"boneId":"Armature_Bone_003","weight":1.0}]}},{"position":{"x":-1.0,"y":1.0,"z":6.80546},"color":{"r":1.0,"g":0.0,"b":0.0,"a":1.0},"normal":{"x":0.0,"y":0.0,"z":-1.0},"influence":{"data":[{"boneId":"Armature_Bone_002","weight":0.8130202},{"boneId":"Armature_Bone_003","weight":0.1869798}]}},{"position":{"x":1.0,"y":3.336858,"z":6.80546},"color":{"r":1.0,"g":0.0,"b":0.0,"a":1.0},"normal":{"x":0.0,"y":0.0,"z":-1.0},"influence":{"data":[{"boneId":"Armature_Bone_002","weight":0.01255446},{"boneId":"Armature_Bone_003","weight":0.9874455}]}},{"position":{"x":1.0,"y":1.0,"z":6.80546},"color":{"r":1.0,"g":0.0,"b":0.0,"a":1.0},"normal":{"x":0.0,"y":0.0,"z":-1.0},"influence":{"data":[{"boneId":"Armature_Bone_002","weight":0.1762989},{"boneId":"Armature_Bone_003","weight":0.823701}]}},{"position":{"x":1.0,"y":-1.0,"z":-1.0},"color":{"r":1.0,"g":0.0,"b":0.0,"a":1.0},"normal":{"x":0.0,"y":0.0,"z":-1.0},"influence":{"data":[{"boneId":"Armature_Bone","weight":1.0}]}},{"position":{"x":-1.0,"y":1.0,"z":2.92026},"color":{"r":1.0,"g":0.0,"b":0.0,"a":1.0},"normal":{"x":0.0,"y":1.0,"z":0.0},"influence":{"data":[{"boneId":"Armature_Bone","weight":0.1213632},{"boneId":"Armature_Bone_001","weight":0.810952},{"boneId":"Armature_Bone_002","weight":0.06768471}]}},{"position":{"x":1.0,"y":3.250304,"z":2.92026},"color":{"r":1.0,"g":0.0,"b":0.0,"a":1.0},"normal":{"x":1.0,"y":0.0,"z":0.0},"influence":{"data":[{"boneId":"Armature_Bone_001","weight":1.0}]}},{"position":{"x":-1.0,"y":3.250304,"z":4.920229},"color":{"r":1.0,"g":0.0,"b":0.0,"a":1.0},"normal":{"x":0.0,"y":1.0,"z":0.0},"influence":{"data":[{"boneId":"Armature_Bone_001","weight":0.8735899},{"boneId":"Armature_Bone_002","weight":0.1264101}]}},{"position":{"x":-1.0,"y":3.250304,"z":4.920229},"color":{"r":1.0,"g":0.0,"b":0.0,"a":1.0},"normal":{"x":-1.0,"y":0.0,"z":0.0},"influence":{"data":[{"boneId":"Armature_Bone_001","weight":0.8735899},{"boneId":"Armature_Bone_002","weight":0.1264101}]}},{"position":{"x":1.0,"y":3.250304,"z":4.920229},"color":{"r":1.0,"g":0.0,"b":0.0,"a":1.0},"normal":{"x":0.0,"y":0.0,"z":1.0},"influence":{"data":[{"boneId":"Armature_Bone_001","weight":0.8883629},{"boneId":"Armature_Bone_002","weight":0.1116371}]}},{"position":{"x":-1.0,"y":3.250304,"z":2.92026},"color":{"r":1.0,"g":0.0,"b":0.0,"a":1.0},"normal":{"x":0.0,"y":0.0,"z":-1.0},"influence":{"data":[{"boneId":"Armature_Bone_001","weight":1.0}]}},{"position":{"x":-1.0,"y":-1.0,"z":8.672996},"color":{"r":1.0,"g":0.0,"b":0.0,"a":1.0},"normal":{"x":-1.0,"y":0.0,"z":0.0},"influence":{"data":[{"boneId":"Armature_Bone_002","weight":0.5074912},{"boneId":"Armature_Bone_003","weight":0.4925087}]}},{"position":{"x":-1.0,"y":1.0,"z":6.80546},"color":{"r":1.0,"g":0.0,"b":0.0,"a":1.0},"normal":{"x":0.0,"y":1.0,"z":0.0},"influence":{"data":[{"boneId":"Armature_Bone_002","weight":0.8130202},{"boneId":"Armature_Bone_003","weight":0.1869798}]}},{"position":{"x":-1.0,"y":-1.0,"z":8.672996},"color":{"r":1.0,"g":0.0,"b":0.0,"a":1.0},"normal":{"x":0.0,"y":0.0,"z":1.0},"influence":{"data":[{"boneId":"Armature_Bone_002","weight":0.5074912},{"boneId":"Armature_Bone_003","weight":0.4925087}]}},{"position":{"x":1.0,"y":-1.0,"z":8.672996},"color":{"r":1.0,"g":0.0,"b":0.0,"a":1.0},"normal":{"x":0.0,"y":-1.0,"z":0.0},"influence":{"data":[{"boneId":"Armature_Bone_002","weight":0.498117},{"boneId":"Armature_Bone_003","weight":0.5018829}]}},{"position":{"x":1.0,"y":3.336858,"z":6.80546},"color":{"r":1.0,"g":0.0,"b":0.0,"a":1.0},"normal":{"x":1.0,"y":0.0,"z":0.0},"influence":{"data":[{"boneId":"Armature_Bone_002","weight":0.01255446},{"boneId":"Armature_Bone_003","weight":0.9874455}]}},{"position":{"x":-1.0,"y":3.336858,"z":8.672996},"color":{"r":1.0,"g":0.0,"b":0.0,"a":1.0},"normal":{"x":0.0,"y":1.0,"z":0.0},"influence":{"data":[{"boneId":"Armature_Bone_003","weight":1.0}]}},{"position":{"x":-1.0,"y":3.336858,"z":8.672996},"color":{"r":1.0,"g":0.0,"b":0.0,"a":1.0},"normal":{"x":-1.0,"y":0.0,"z":0.0},"influence":{"data":[{"boneId":"Armature_Bone_003","weight":1.0}]}},{"position":{"x":1.0,"y":3.336858,"z":8.672996},"color":{"r":1.0,"g":0.0,"b":0.0,"a":1.0},"normal":{"x":0.0,"y":0.0,"z":1.0},"influence":{"data":[{"boneId":"Armature_Bone_003","weight":1.0}]}},{"position":{"x":-1.0,"y":3.336858,"z":6.80546},"color":{"r":1.0,"g":0.0,"b":0.0,"a":1.0},"normal":{"x":0.0,"y":0.0,"z":-1.0},"influence":{"data":[{"boneId":"Armature_Bone_002","weight":0.08341574},{"boneId":"Armature_Bone_003","weight":0.9165843}]}}],"verticesOrder":[0,1,2,3,4,5,0,6,7,8,9,10,11,12,13,14,15,16,17,18,1,11,19,20,14,21,22,3,23,24,25,26,27,28,27,23,29,30,31,29,32,19,33,34,35,18,36,1,37,38,39,40,41,42,43,44,45,46,47,48,31,49,32,50,45,18,51,52,53,54,55,26,56,57,58,56,59,49,60,61,62,44,63,45,53,64,51,65,66,67,0,17,1,3,24,4,0,2,6,8,68,9,11,20,12,14,22,15,17,50,18,11,29,19,14,69,21,3,28,23,25,54,26,28,25,27,29,70,30,29,31,32,33,71,34,18,72,36,37,73,38,40,74,41,43,75,44,46,76,47,31,56,49,50,43,45,51,77,52,54,78,55,56,79,57,56,58,59,60,80,61,44,81,63,53,82,64,65,83,66]},"armature":{"type":"collada.Armature","rootBone":{"id":"Armature_Bone","childs":[{"id":"Armature_Bone_001","childs":[],"transformation":{"matrix":[1.0,0.0,0.0,0.0,0.0,0.01051956,0.9999447,4.514778,0.0,-0.9999447,0.01051956,0.0,0.0,0.0,0.0,1.0]},"weights":[],"inverseBindPose":{"matrix":[1.0,0.0,0.0,0.0,0.0,1.0,0.0,-0.04749351,0.0,0.0,1.0,-3.707136,0.0,0.0,0.0,1.0]}},{"id":"Armature_Bone_002","childs":[{"id":"Armature_Bone_003","childs":[],"transformation":{"matrix":[1.0,0.0,0.0,0.0,0.0,0.02238242,0.9997495,4.036958,0.0,-0.9997495,0.02238226,0.0,0.0,0.0,0.0,1.0]},"weights":[],"inverseBindPose":{"matrix":[1.0,0.0,0.0,0.0,0.0,0.9997494,0.02238225,-0.220812,0.0,-0.02238243,0.9997494,-7.74109,0.0,0.0,0.0,1.0]}}],"transformation":{"matrix":[1.0,0.0,0.0,0.0,0.0,0.9999447,-0.01051959,4.514778,0.0,0.01051959,0.9999447,0.0,0.0,0.0,0.0,1.0]},"weights":[],"inverseBindPose":{"matrix":[1.0,0.0,0.0,0.0,0.0,0.0,1.0,-3.707136,0.0,-1.0,0.0,0.04749357,0.0,0.0,0.0,1.0]}}],"transformation":{"matrix":[1.0,0.0,0.0,0.0,0.0,0.01051959,-0.9999447,0.0,0.0,0.9999447,0.01051956,-0.8073915,0.0,0.0,0.0,1.0]},"weights":[],"inverseBindPose":{"matrix":[1.0,0.0,0.0,0.0,0.0,0.01051956,0.9999447,0.8073469,0.0,-0.9999447,0.01051956,0.008493423,0.0,0.0,0.0,1.0]}}},"animations":{"type":"collada.Animations","animations":[{"name":"action_container-Armature","keyFrames":[{"time":0.04166662,"transformations":{"Armature_Bone":{"matrix":[0.0,0.9999447,0.01051956,0.09498727,1.0,0.0,0.0,0.0,0.0,0.01051959,-0.9999447,0.02374681,0.0,0.0,0.0,1.0]},"Armature_Bone_001":{"matrix":[0.0,-0.9999317,0.01169031,7.45058E-9,1.0,0.0,0.0,0.0,0.0,0.01169031,0.9999317,4.514778,0.0,0.0,0.0,1.0]},"Armature_Bone_003":{"matrix":[0.0,-0.9998954,0.01446939,-7.45058E-9,1.0,0.0,0.0,0.0,2.23786E-16,0.01446955,0.9998954,4.036958,0.0,0.0,0.0,1.0]}},"interpolation":"LINEAR"},{"time":0.08333331,"transformations":{"Armature_Bone":{"matrix":[0.0,0.9999447,0.01051956,0.1187339,1.0,0.0,0.0,0.0,0.0,0.01051959,-0.9999447,1.021113,0.0,0.0,0.0,1.0]},"Armature_Bone_001":{"matrix":[0.0,-0.9997692,0.02148472,0.0,1.0,0.0,0.0,0.0,0.0,0.02148472,0.9997692,4.514778,0.0,0.0,0.0,1.0]},"Armature_Bone_003":{"matrix":[0.0,-0.9999818,0.0060467,0.0,1.0,0.0,-2.22469E-16,0.0,2.23786E-16,0.006046862,0.9999818,4.036958,0.0,0.0,0.0,1.0]}},"interpolation":"LINEAR"},{"time":0.125,"transformations":{"Armature_Bone":{"matrix":[0.0,0.9999447,0.01051956,0.6185889,1.0,0.0,0.0,0.0,0.0,0.01051959,-0.9999447,1.016212,0.0,0.0,0.0,1.0]},"Armature_Bone_001":{"matrix":[0.0,-0.9988292,0.0483755,1.19209E-7,1.0,0.0,0.0,0.0,0.0,0.0483755,0.9988292,4.514778,0.0,0.0,0.0,1.0]},"Armature_Bone_003":{"matrix":[0.0,-0.9998541,-0.01707897,0.0,1.0,0.0,-2.27463E-16,0.0,2.23788E-16,-0.0170788,0.9998541,4.036958,0.0,0.0,0.0,1.0]}},"interpolation":"LINEAR"},{"time":0.1666666,"transformations":{"Armature_Bone":{"matrix":[0.0,0.9999447,0.01051956,1.068523,1.0,0.0,0.0,2.37256E-16,0.0,0.01051959,-0.9999447,0.9498273,0.0,0.0,0.0,1.0]},"Armature_Bone_001":{"matrix":[0.0,-0.9960676,0.08859752,5.96046E-8,1.0,0.0,0.0,0.0,0.0,0.08859753,0.9960676,4.514778,0.0,0.0,0.0,1.0]},"Armature_Bone_003":{"matrix":[0.0,-0.9986636,-0.05168376,0.0,1.0,0.0,-2.34712E-16,0.0,2.23789E-16,-0.05168359,0.9986636,4.036957,0.0,0.0,0.0,1.0]}},"interpolation":"LINEAR"},{"time":0.2083333,"transformations":{"Armature_Bone":{"matrix":[0.0,0.9999447,0.01051956,1.071896,1.0,0.0,0.0,0.0,0.0,0.01051959,-0.9999447,0.745159,0.0,0.0,0.0,1.0]},"Armature_Bone_001":{"matrix":[0.0,-0.9903957,0.1382617,0.0,1.0,0.0,0.0,0.0,0.0,0.1382617,0.9903957,4.514778,0.0,0.0,0.0,1.0]},"Armature_Bone_003":{"matrix":[0.0,-0.9955281,-0.09446611,0.0,1.0,0.0,-2.43304E-16,0.0,2.23789E-16,-0.09446596,0.9955282,4.036958,0.0,0.0,0.0,1.0]}},"interpolation":"LINEAR"},{"time":0.25,"transformations":{"Armature_Bone":{"matrix":[0.0,0.9999447,0.01051956,1.075609,1.0,0.0,0.0,0.0,0.0,0.01051959,-0.9999447,0.4518381,0.0,0.0,0.0,1.0]},"Armature_Bone_001":{"matrix":[0.0,-0.9811344,0.1933271,0.0,1.0,0.0,0.0,0.0,0.0,0.1933271,0.9811344,4.514778,0.0,0.0,0.0,1.0]},"Armature_Bone_003":{"matrix":[0.0,-0.9898636,-0.1420215,0.0,1.0,0.0,-2.52369E-16,0.0,2.23787E-16,-0.1420213,0.9898637,4.036958,0.0,0.0,0.0,1.0]}},"interpolation":"LINEAR"},{"time":0.2916666,"transformations":{"Armature_Bone":{"matrix":[0.0,0.9999447,0.01051956,1.078644,1.0,0.0,0.0,0.0,0.0,0.01051959,-0.9999447,0.1852331,0.0,0.0,0.0,1.0]},"Armature_Bone_001":{"matrix":[0.0,-0.968326,0.2496893,0.0,1.0,0.0,0.0,0.0,0.0,0.2496893,0.968326,4.514778,0.0,0.0,0.0,1.0]},"Armature_Bone_003":{"matrix":[0.0,-0.9816111,-0.1908921,1.49012E-8,1.0,0.0,-2.61142E-16,0.0,2.23783E-16,-0.1908919,0.9816111,4.036958,0.0,0.0,0.0,1.0]}},"interpolation":"LINEAR"},{"time":0.3333333,"transformations":{"Armature_Bone":{"matrix":[0.0,0.9999447,0.01051956,1.079987,1.0,0.0,0.0,0.0,0.0,0.01051959,-0.9999447,0.0607128,0.0,0.0,0.0,1.0]},"Armature_Bone_001":{"matrix":[0.0,-0.9528795,0.3033492,-7.45058E-9,1.0,0.0,0.0,0.0,0.0,0.3033492,0.9528795,4.514778,0.0,0.0,0.0,1.0]},"Armature_Bone_003":{"matrix":[0.0,-0.9713459,-0.2376706,-7.45058E-9,1.0,0.0,-2.69013E-16,0.0,2.23776E-16,-0.2376704,0.971346,4.036958,0.0,0.0,0.0,1.0]}},"interpolation":"LINEAR"},{"time":0.375,"transformations":{"Armature_Bone":{"matrix":[0.0,0.9999447,0.01051956,0.9712659,1.0,0.0,0.0,0.0,0.0,0.01051959,-0.9999447,0.04814689,0.0,0.0,0.0,1.0]},"Armature_Bone_001":{"matrix":[0.0,-0.9365302,0.3505869,0.0,1.0,0.0,0.0,0.0,0.0,0.3505869,0.9365302,4.514778,0.0,0.0,0.0,1.0]},"Armature_Bone_003":{"matrix":[0.0,-0.9602591,-0.2791103,-7.45058E-9,1.0,0.0,-2.75541E-16,0.0,2.23769E-16,-0.2791101,0.9602591,4.036957,0.0,0.0,0.0,1.0]}},"interpolation":"LINEAR"},{"time":0.4166666,"transformations":{"Armature_Bone":{"matrix":[0.0,0.9999447,0.01051956,0.7117817,1.0,0.0,0.0,0.0,0.0,0.01051959,-0.9999447,0.03959962,0.0,0.0,0.0,1.0]},"Armature_Bone_001":{"matrix":[0.0,-0.9216375,0.3880522,7.45058E-9,1.0,-2.24663E-16,0.0,0.0,0.0,0.3880522,0.9216375,4.514778,0.0,0.0,0.0,1.0]},"Armature_Bone_003":{"matrix":[0.0,-0.9500206,-0.3121872,-7.45058E-9,1.0,0.0,-2.80441E-16,0.0,2.23762E-16,-0.312187,0.9500207,4.036958,0.0,0.0,0.0,1.0]}},"interpolation":"LINEAR"},{"time":0.4583333,"transformations":{"Armature_Bone":{"matrix":[0.0,0.9999447,0.01051956,0.4020294,1.0,0.0,0.0,0.0,0.0,0.01051959,-0.9999447,0.03373063,0.0,0.0,0.0,1.0]},"Armature_Bone_001":{"matrix":[0.0,-0.9108634,0.4127081,7.45058E-9,1.0,-2.27079E-16,0.0,0.0,0.0,0.4127081,0.9108634,4.514778,0.0,0.0,0.0,1.0]},"Armature_Bone_003":{"matrix":[0.0,-0.9425475,-0.3340724,-7.45058E-9,1.0,0.0,-2.83528E-16,0.0,2.23757E-16,-0.3340723,0.9425476,4.036958,0.0,0.0,0.0,1.0]}},"interpolation":"LINEAR"},{"time":0.5,"transformations":{"Armature_Bone":{"matrix":[0.0,0.9999447,0.01051956,0.1425029,1.0,0.0,0.0,0.0,0.0,0.01051959,-0.9999447,0.02919961,0.0,0.0,0.0,1.0]},"Armature_Bone_001":{"matrix":[0.0,-0.9067769,0.4216108,0.0,1.0,0.0,0.0,0.0,0.0,0.4216108,0.9067769,4.514778,0.0,0.0,0.0,1.0]},"Armature_Bone_003":{"matrix":[-2.32535E-16,-0.9397001,-0.3419997,-7.45058E-9,1.0,0.0,-3.65559E-16,0.0,3.04387E-16,-0.3419996,0.9397002,4.036958,0.0,0.0,0.0,1.0]}},"interpolation":"LINEAR"},{"time":0.5416667,"transformations":{"Armature_Bone":{"matrix":[0.0,0.9999447,0.01051956,0.03369707,1.0,0.0,0.0,0.0,0.0,0.01051959,-0.9999447,0.02466619,0.0,0.0,0.0,1.0]},"Armature_Bone_001":{"matrix":[0.0,-0.9141846,0.405298,0.0,1.0,0.0,0.0,0.0,0.0,0.405298,0.9141847,4.514778,0.0,0.0,0.0,1.0]},"Armature_Bone_003":{"matrix":[-2.31937E-16,-0.9447035,-0.3279257,-7.45058E-9,1.0,0.0,-3.63814E-16,0.0,3.04599E-16,-0.3279256,0.9447036,4.036957,0.0,0.0,0.0,1.0]}},"interpolation":"LINEAR"},{"time":0.5833333,"transformations":{"Armature_Bone":{"matrix":[0.0,0.9999447,0.01051956,0.03738749,1.0,0.0,0.0,0.0,0.0,0.01051959,-0.9999447,0.01816465,0.0,0.0,0.0,1.0]},"Armature_Bone_001":{"matrix":[0.0,-0.9330944,0.3596315,-7.45058E-9,1.0,0.0,0.0,0.0,0.0,0.3596315,0.9330944,4.514777,0.0,0.0,0.0,1.0]},"Armature_Bone_003":{"matrix":[-2.30274E-16,-0.9573888,-0.2888021,-7.45058E-9,1.0,0.0,-3.58639E-16,0.0,3.05137E-16,-0.288802,0.9573889,4.036958,0.0,0.0,0.0,1.0]}},"interpolation":"LINEAR"},{"time":0.625,"transformations":{"Armature_Bone":{"matrix":[0.0,0.9999447,0.01051956,0.0455308,1.0,0.0,0.0,0.0,0.0,0.01051959,-0.9999447,0.01033058,0.0,0.0,0.0,1.0]},"Armature_Bone_001":{"matrix":[0.0,-0.9573017,0.2890909,0.0,1.0,0.0,0.0,0.0,0.0,0.2890909,0.9573017,4.514778,0.0,0.0,0.0,1.0]},"Armature_Bone_003":{"matrix":[-2.27736E-16,-0.9734151,-0.2290482,0.0,1.0,0.0,-3.49849E-16,0.0,3.05817E-16,-0.229048,0.9734152,4.036958,0.0,0.0,0.0,1.0]}},"interpolation":"LINEAR"},{"time":0.6666667,"transformations":{"Armature_Bone":{"matrix":[0.0,0.9999447,0.01051956,0.05389333,1.0,0.0,0.0,0.0,0.0,0.01051959,-0.9999447,0.003725579,0.0,0.0,0.0,1.0]},"Armature_Bone_001":{"matrix":[0.0,-0.980047,0.1987661,3.72529E-9,1.0,0.0,0.0,0.0,0.0,0.1987661,0.980047,4.514778,0.0,0.0,0.0,1.0]},"Armature_Bone_003":{"matrix":[-2.24524E-16,-0.9881555,-0.1534559,0.0,1.0,0.0,-3.37266E-16,0.0,3.06441E-16,-0.1534557,0.9881556,4.036958,0.0,0.0,0.0,1.0]}},"interpolation":"LINEAR"},{"time":0.7083333,"transformations":{"Armature_Bone":{"matrix":[0.0,0.9999447,0.01051956,0.05824071,1.0,0.0,0.0,0.0,0.0,0.01051959,-0.9999447,9.11286E-4,0.0,0.0,0.0,1.0]},"Armature_Bone_001":{"matrix":[0.0,-0.9954495,0.09529068,3.72529E-9,1.0,0.0,0.0,0.0,0.0,0.09529068,0.9954495,4.514778,0.0,0.0,0.0,1.0]},"Armature_Bone_003":{"matrix":[0.0,-0.9977061,-0.06769487,0.0,1.0,0.0,-3.21093E-16,0.0,3.06845E-16,-0.0676947,0.9977062,4.036957,0.0,0.0,0.0,1.0]}},"interpolation":"LINEAR"},{"time":0.75,"transformations":{"Armature_Bone":{"matrix":[0.0,0.9999447,0.01051956,0.0591473,1.0,0.0,0.0,0.0,0.0,0.01051959,-0.9999447,8.49493E-4,0.0,0.0,0.0,1.0]},"Armature_Bone_001":{"matrix":[0.0,-0.9999139,-0.01312236,0.0,1.0,0.0,0.0,0.0,0.0,-0.01312236,0.9999139,4.514778,0.0,0.0,0.0,1.0]},"Armature_Bone_003":{"matrix":[0.0,-0.9997646,0.02170069,0.0,1.0,-2.23692E-16,-3.02147E-16,0.0,3.0693E-16,0.02170086,0.9997646,4.036958,0.0,0.0,0.0,1.0]}},"interpolation":"LINEAR"},{"time":0.7916667,"transformations":{"Armature_Bone":{"matrix":[0.0,0.9999447,0.01051956,0.06001073,1.0,0.0,0.0,0.0,0.0,0.01051959,-0.9999447,7.94034E-4,0.0,0.0,0.0,1.0]},"Armature_Bone_001":{"matrix":[0.0,-0.9930713,-0.117514,3.72529E-9,1.0,0.0,0.0,0.0,0.0,-0.117514,0.9930713,4.514778,0.0,0.0,0.0,1.0]},"Armature_Bone_003":{"matrix":[0.0,-0.9941715,0.1078105,0.0,1.0,-2.45245E-16,-2.81893E-16,0.0,3.0669E-16,0.1078106,0.9941715,4.036957,0.0,0.0,0.0,1.0]}},"interpolation":"LINEAR"},{"time":0.8333333,"transformations":{"Armature_Bone":{"matrix":[0.0,0.9999447,0.01051956,0.06083196,1.0,0.0,0.0,0.0,0.0,0.01051959,-0.9999447,7.44579E-4,0.0,0.0,0.0,1.0]},"Armature_Bone_001":{"matrix":[0.0,-0.9778295,-0.209403,0.0,1.0,0.0,0.0,0.0,0.0,-0.209403,0.9778295,4.514778,0.0,0.0,0.0,1.0]},"Armature_Bone_003":{"matrix":[0.0,-0.9829261,0.1840012,0.0,1.0,-2.62943E-16,-2.62307E-16,0.0,3.06211E-16,0.1840014,0.982926,4.036958,0.0,0.0,0.0,1.0]}},"interpolation":"LINEAR"},{"time":0.875,"transformations":{"Armature_Bone":{"matrix":[0.0,0.9999447,0.01051956,0.06161219,1.0,0.0,0.0,0.0,0.0,0.01051959,-0.9999447,7.00802E-4,0.0,0.0,0.0,1.0]},"Armature_Bone_001":{"matrix":[0.0,-0.959504,-0.2816949,0.0,1.0,0.0,0.0,0.0,0.0,-0.2816949,0.959504,4.514778,0.0,0.0,0.0,1.0]},"Armature_Bone_003":{"matrix":[0.0,-0.9696671,0.2444295,0.0,1.0,-2.76033E-16,-2.45626E-16,0.0,3.05646E-16,0.2444296,0.9696671,4.036958,0.0,0.0,0.0,1.0]}},"interpolation":"LINEAR"},{"time":0.9166667,"transformations":{"Armature_Bone":{"matrix":[0.0,0.9999447,0.01051956,0.0623523,1.0,0.0,0.0,0.0,0.0,0.01051959,-0.9999447,6.62372E-4,0.0,0.0,0.0,1.0]},"Armature_Bone_001":{"matrix":[0.0,-0.9444129,-0.3287616,0.0,1.0,0.0,0.0,0.0,0.0,-0.3287616,0.9444129,4.514777,0.0,0.0,0.0,1.0]},"Armature_Bone_003":{"matrix":[0.0,-0.958796,0.2840954,0.0,1.0,-2.84153E-16,-2.34103E-16,0.0,3.05183E-16,0.2840956,0.958796,4.036958,0.0,0.0,0.0,1.0]}},"interpolation":"LINEAR"},{"time":0.9583333,"transformations":{"Armature_Bone":{"matrix":[0.0,0.9999447,0.01051956,0.06305343,1.0,0.0,0.0,0.0,0.0,0.01051959,-0.9999447,6.28964E-4,0.0,0.0,0.0,1.0]},"Armature_Bone_001":{"matrix":[0.0,-0.9383715,-0.3456284,7.45058E-9,1.0,0.0,-3.00248E-16,0.0,2.51931E-16,-0.3456284,0.9383715,4.514778,0.0,0.0,0.0,1.0]},"Armature_Bone_003":{"matrix":[-2.2597E-16,-0.9544457,0.2983848,0.0,1.0,-2.63155E-16,0.0,0.0,0.0,0.298385,0.9544457,4.036958,0.0,0.0,0.0,1.0]}},"interpolation":"LINEAR"},{"time":1.0,"transformations":{"Armature_Bone":{"matrix":[0.0,0.9999447,0.01051956,0.06371671,1.0,0.0,0.0,0.0,0.0,0.01051959,-0.9999447,6.00249E-4,0.0,0.0,0.0,1.0]},"Armature_Bone_001":{"matrix":[0.009538813,-0.938259,-0.3458022,3.72529E-9,0.9999545,0.008915913,0.003391949,0.0,-9.93846E-5,-0.3458188,0.9383014,4.514778,0.0,0.0,0.0,1.0]},"Armature_Bone_003":{"matrix":[-0.009864454,-0.9543489,0.2985313,0.0,0.9999514,-0.009414836,0.002944198,0.0,8.33136E-7,0.298546,0.9543954,4.036957,0.0,0.0,0.0,1.0]}},"interpolation":"LINEAR"},{"time":1.041667,"transformations":{"Armature_Bone":{"matrix":[0.0,0.9999447,0.01051956,0.06434309,1.0,0.0,0.0,0.0,0.0,0.01051959,-0.9999447,5.75896E-4,0.0,0.0,0.0,1.0]},"Armature_Bone_001":{"matrix":[0.03595667,-0.9375121,-0.3460898,0.0,0.9993533,0.03360513,0.01279494,0.0,-3.65018E-4,-0.346326,0.9381142,4.514778,0.0,0.0,0.0,1.0]},"Armature_Bone_003":{"matrix":[-0.03718821,-0.953602,0.2987649,0.0,0.9993083,-0.03549072,0.01110731,0.0,1.14331E-5,0.2989714,0.9542621,4.036958,0.0,0.0,0.0,1.0]}},"interpolation":"LINEAR"},{"time":1.083333,"transformations":{"Armature_Bone":{"matrix":[0.0,0.9999447,0.01051956,0.06493366,1.0,0.0,0.0,0.0,0.0,0.01051959,-0.9999447,5.55579E-4,0.0,0.0,0.0,1.0]},"Armature_Bone_001":{"matrix":[0.07594241,-0.9351549,-0.3460034,0.0,0.9971119,0.0709653,0.02705043,0.0,-7.42111E-4,-0.3470584,0.9378433,4.514778,0.0,0.0,0.0,1.0]},"Armature_Bone_003":{"matrix":[-0.07855258,-0.9511239,0.2986519,0.0,0.99691,-0.07495954,0.02348569,0.0,4.90264E-5,0.2995741,0.9540731,4.036957,0.0,0.0,0.0,1.0]}},"interpolation":"LINEAR"},{"time":1.125,"transformations":{"Armature_Bone":{"matrix":[0.0,0.9999447,0.01051956,0.06548941,1.0,0.0,0.0,0.0,0.0,0.01051959,-0.9999447,5.38968E-4,0.0,0.0,0.0,1.0]},"Armature_Bone_001":{"matrix":[0.126066,-0.9300952,-0.3450077,0.0,0.9920211,0.1177838,0.04495565,0.0,-0.001176746,-0.3479223,0.9375226,4.514778,0.0,0.0,0.0,1.0]},"Armature_Bone_003":{"matrix":[-0.1304072,-0.9457055,0.2977166,0.0,0.9914605,-0.124428,0.03903466,0.0,1.29032E-4,0.3002648,0.9538559,4.036958,0.0,0.0,0.0,1.0]}},"interpolation":"LINEAR"},{"time":1.166667,"transformations":{"Armature_Bone":{"matrix":[0.0,0.9999447,0.01051956,0.06601155,1.0,0.0,0.0,0.0,0.0,0.01051959,-0.9999447,5.25736E-4,0.0,0.0,0.0,1.0]},"Armature_Bone_001":{"matrix":[0.1827221,-0.9215155,-0.3426688,0.0,0.9831632,0.1706882,0.06523445,0.0,-0.001625021,-0.3488192,0.9371887,4.514778,0.0,0.0,0.0,1.0]},"Armature_Bone_003":{"matrix":[-0.1890062,-0.9364363,0.2955738,0.0,0.9819759,-0.1803195,0.0566415,0.0,2.5662E-4,0.3009521,0.9536393,4.036957,0.0,0.0,0.0,1.0]}},"interpolation":"LINEAR"},{"time":1.208333,"transformations":{"Armature_Bone":{"matrix":[0.0,0.9999447,0.01051956,0.06650102,1.0,0.0,0.0,0.0,0.0,0.01051959,-0.9999447,5.15557E-4,0.0,0.0,0.0,1.0]},"Armature_Bone_001":{"matrix":[0.2421828,-0.9091663,-0.3387685,0.0,0.9702284,0.2261986,0.08655038,0.0,-0.002059739,-0.3496438,0.9368805,4.514778,0.0,0.0,0.0,1.0]},"Armature_Bone_003":{"matrix":[-0.2504667,-0.9230296,0.2920325,0.0,0.9681252,-0.238931,0.07513764,0.0,4.21401E-4,0.3015436,0.9534523,4.036958,0.0,0.0,0.0,1.0]}},"interpolation":"LINEAR"},{"time":1.25,"transformations":{"Armature_Bone":{"matrix":[0.0,0.9999447,0.01051956,0.06695896,1.0,0.0,0.0,0.0,0.0,0.01051959,-0.9999447,5.08101E-4,0.0,0.0,0.0,1.0]},"Armature_Bone_001":{"matrix":[0.3007448,-0.8935406,-0.3333732,0.0,0.9537014,0.2808647,0.1075571,0.0,-0.002473884,-0.3502858,0.9366396,4.514778,0.0,0.0,0.0,1.0]},"Armature_Bone_003":{"matrix":[-0.3109315,-0.906014,0.2871589,0.0,0.9504321,-0.2965895,0.09334584,0.0,5.95735E-4,0.3019494,0.9533238,4.036958,0.0,0.0,0.0,1.0]}},"interpolation":"LINEAR"},{"time":1.291667,"transformations":{"Armature_Bone":{"matrix":[0.0,0.9999447,0.01051956,0.06738621,1.0,0.0,0.0,0.0,0.0,0.01051959,-0.9999447,5.03036E-4,0.0,0.0,0.0,1.0]},"Armature_Bone_001":{"matrix":[0.3549145,-0.8759024,-0.3268497,0.0,0.9348943,0.3314393,0.126967,0.0,-0.002879902,-0.3506324,0.9365088,4.514778,0.0,0.0,0.0,1.0]},"Armature_Bone_003":{"matrix":[-0.3667763,-0.8867645,0.28129,0.0,0.9303089,-0.3498481,0.1101439,0.0,7.37081E-4,0.302085,0.9532808,4.036958,0.0,0.0,0.0,1.0]}},"interpolation":"LINEAR"},{"time":1.333333,"transformations":{"Armature_Bone":{"matrix":[0.0,0.9999447,0.01051956,0.06778413,1.0,0.0,0.0,0.0,0.0,0.01051959,-0.9999447,5.00037E-4,0.0,0.0,0.0,1.0]},"Armature_Bone_001":{"matrix":[0.4015548,-0.8581764,-0.3198235,0.0,0.9158291,0.3750114,0.1436091,0.0,-0.003304503,-0.3505706,0.9365305,4.514778,0.0,0.0,0.0,1.0]},"Armature_Bone_003":{"matrix":[-0.4147706,-0.8673773,0.2749949,0.0,0.9099257,-0.3956391,0.124519,0.0,7.9386E-4,0.3018718,0.9533482,4.036958,0.0,0.0,0.0,1.0]}},"interpolation":"LINEAR"},{"time":1.375,"transformations":{"Armature_Bone":{"matrix":[0.0,0.9999447,0.01051956,0.06815356,1.0,0.0,0.0,0.0,0.0,0.01051959,-0.9999447,4.98775E-4,0.0,0.0,0.0,1.0]},"Armature_Bone_001":{"matrix":[0.4379244,-0.8427302,-0.3130941,-3.72529E-9,0.8990038,0.4090411,0.1564529,0.0,-0.003779197,-0.3499873,0.9367468,4.514778,0.0,0.0,0.0,1.0]},"Armature_Bone_003":{"matrix":[-0.4521233,-0.8504265,0.2689968,0.0,0.8919551,-0.431314,0.1355884,0.0,7.142E-4,0.3012359,0.9535494,4.036957,0.0,0.0,0.0,1.0]}},"interpolation":"LINEAR"},{"time":1.416667,"transformations":{"Armature_Bone":{"matrix":[0.0,0.9999447,0.01051956,0.06849563,1.0,0.0,0.0,0.0,0.0,0.01051959,-0.9999447,4.98925E-4,0.0,0.0,0.0,1.0]},"Armature_Bone_001":{"matrix":[0.4615738,-0.8320938,-0.3075216,3.72529E-9,0.8870913,0.4312562,0.1645819,0.0,-0.004326968,-0.3487663,0.9371997,4.514778,0.0,0.0,0.0,1.0]},"Armature_Bone_003":{"matrix":[-0.4763645,-0.8386558,0.2640709,0.0,0.8792478,-0.4545279,0.1425752,0.0,4.56133E-4,0.3001017,0.9539072,4.036958,0.0,0.0,0.0,1.0]}},"interpolation":"LINEAR"},{"time":1.458333,"transformations":{"Armature_Bone":{"matrix":[0.0,0.9999447,0.01051956,0.06881142,1.0,0.0,0.0,0.0,0.0,0.01051959,-0.9999447,5.00155E-4,0.0,0.0,0.0,1.0]},"Armature_Bone_001":{"matrix":[0.4700956,-0.8286473,-0.3038979,3.72529E-9,0.8826017,0.439415,0.1671191,0.0,-0.004945481,-0.3467827,0.9379325,4.514778,0.0,0.0,0.0,1.0]},"Armature_Bone_003":{"matrix":[-0.4850716,-0.8346384,0.2609299,0.0,0.8744745,-0.4629745,0.144738,0.0,2.78772E-8,0.2983849,0.9544457,4.036957,0.0,0.0,0.0,1.0]}},"interpolation":"LINEAR"},{"time":1.5,"transformations":{"Armature_Bone":{"matrix":[0.0,0.9999447,0.01051956,0.06910193,1.0,0.0,0.0,0.0,0.0,0.01051959,-0.9999447,5.02136E-4,0.0,0.0,0.0,1.0]},"Armature_Bone_001":{"matrix":[0.4639701,-0.834334,-0.2976886,0.0,0.8858248,0.4343977,0.163135,0.0,-0.006793838,-0.3393897,0.9406213,4.514778,0.0,0.0,0.0,1.0]},"Armature_Bone_003":{"matrix":[-0.4788048,-0.8396972,0.2562315,0.0,0.87792,-0.4574484,0.1414119,0.0,-0.001530417,0.2926596,0.9562155,4.036958,0.0,0.0,0.0,1.0]}},"interpolation":"LINEAR"},{"time":1.541667,"transformations":{"Armature_Bone":{"matrix":[0.0,0.9999447,0.01051956,0.06936818,1.0,0.0,0.0,0.0,0.0,0.01051959,-0.9999447,5.04541E-4,0.0,0.0,0.0,1.0]},"Armature_Bone_001":{"matrix":[0.4464301,-0.8484008,-0.2844579,0.0,0.8947558,0.4194817,0.1531244,0.0,-0.01058598,-0.3228797,0.9463809,4.514778,0.0,0.0,0.0,1.0]},"Armature_Bone_003":{"matrix":[-0.4609343,-0.8524791,0.2466151,0.0,0.8874221,-0.4413177,0.1331192,0.0,-0.004645612,0.280211,0.9599273,4.036957,0.0,0.0,0.0,1.0]}},"interpolation":"LINEAR"},{"time":1.583333,"transformations":{"Armature_Bone":{"matrix":[0.0,0.9999447,0.01051956,0.06961137,1.0,0.0,0.0,0.0,0.0,0.01051959,-0.9999447,5.07042E-4,0.0,0.0,0.0,1.0]},"Armature_Bone_001":{"matrix"